Time,A*B
(s),(W)

0.00000000,8.94584200
0.00066700,9.04277400
0.00133400,9.16611100
0.00200100,8.86453300
0.00266800,8.94219800
0.00333500,9.04273800
0.00400200,8.86453300
0.00466900,9.16237400
0.00533600,9.16237400
0.00600300,8.98424300
0.00667000,9.01164700
0.00733700,9.03448500
0.00800400,9.05727000
0.00867100,8.96140500
0.00933800,8.83711800
0.01000500,8.76390200
0.01067200,8.58560800
0.01133900,8.61654700
0.01200600,8.55838700
0.01267300,8.48070900
0.01334000,8.45329300
0.01400700,8.37676600
0.01467400,8.45786200
0.01534100,8.52749400
0.01600800,8.53097200
0.01667500,8.60514100
0.01734200,8.68633000
0.01800900,8.58123500
0.01867600,8.55053700
0.01934300,8.52749400
0.02001000,8.46947300
0.02067700,8.36480900
0.02134400,8.29150400
0.02201100,8.24130700
0.02267800,8.14423900
0.02334500,8.21728100
0.02401200,8.22147200
0.02467900,8.17456200
0.02534600,8.12844000
0.02601300,8.02786300
0.02668000,7.89583300
0.02734700,7.89261300
0.02801400,7.83837300
0.02868100,7.79212900
0.02934800,7.79212900
0.03001500,7.58272400
0.03068200,7.43207500
0.03134900,7.38185700
0.03201600,7.38185700
0.03268300,7.43586500
0.03335000,7.53635000
0.03401700,7.53635000
0.03468400,7.45870300
0.03535100,7.45870300
0.03601800,7.38562300
0.03668500,7.18008600
0.03735200,7.12984400
0.03801900,7.03222600
0.03868600,7.02935900
0.03935300,7.12984400
0.04002000,7.15360000
0.04068700,7.06949600
0.04135400,7.04572500
0.04202100,7.07310500
0.04268800,6.97454900
0.04335500,7.08248900
0.04402200,6.85402100
0.04468900,6.72950700
0.04535600,6.59813700
0.04602300,6.62892900
0.04669000,6.70207600
0.04735700,6.65178800
0.04802400,6.70207600
0.04869100,6.40034600
0.04935800,6.29519700
0.05002500,6.31940700
0.05069200,6.24491000
0.05135900,6.29199100
0.05202600,6.34225400
0.05269300,6.24172900
0.05336000,6.14120300
0.05402700,6.14120300
0.05469400,6.06352400
0.05536100,5.98584600
0.05602800,6.05796200
0.05669500,5.87752200
0.05736200,5.82970500
0.05802900,5.95509800
0.05869600,5.82970500
0.05936300,5.88292000
0.06003000,5.77948800
0.06069700,5.57689900
0.06136400,5.50381900
0.06203100,5.40096900
0.06269800,5.30314400
0.06336500,5.12484800
0.06403200,5.12693700
0.06469900,5.02632000
0.06536600,5.12484800
0.06603300,5.22755500
0.06670000,5.17513700
0.06736700,5.20256700
0.06803400,5.10199000
0.06870100,5.17513700
0.06936800,5.19991700
0.07003500,5.12015000
0.07070200,5.14755500
0.07136900,4.96942300
0.07203600,4.97145000
0.07270300,4.97398300
0.07337000,4.87081900
0.07403700,4.79324500
0.07470400,4.63788800
0.07537100,4.51267500
0.07603800,4.56059100
0.07670500,4.56477800
0.07737200,4.71556600
0.07803900,4.68815000
0.07870600,4.46195600
0.07937300,4.61739300
0.08004000,4.26080200
0.08070700,4.21051400
0.08137400,4.28366000
0.08204100,4.05507700
0.08270800,4.21051400
0.08337500,4.28366000
0.08404200,4.30889500
0.08470900,4.51267500
0.08537600,4.58762500
0.08604300,4.58996200
0.08671000,4.43909700
0.08737700,4.21051400
0.08804400,4.05301100
0.08871100,4.07668400
0.08937800,4.30318600
0.09004500,4.32600200
0.09071200,4.38076200
0.09137900,4.32776800
0.09204600,4.15353700
0.09271300,4.03016500
0.09338000,4.28366000
0.09404700,4.21222900
0.09471400,4.08250700
0.09538100,4.13447900
0.09604800,3.87937600
0.09671500,3.85039000
0.09738200,3.95248500
0.09804900,3.94886000
0.09871600,3.77428100
0.09938300,3.80363400
0.10005000,3.80363400
0.10071700,3.85745600
0.10138400,4.00642000
0.10205100,4.00478800
0.10271800,3.92707000
0.10338500,3.74686500
0.10405200,3.67375500
0.10471900,3.64485300
0.10538600,3.74342800
0.10605300,3.94724900
0.10672000,3.89705300
0.10738700,3.99907700
0.10805400,3.92146900
0.10872100,3.82454300
0.10938800,3.84582200
0.11005500,3.72591600
0.11072200,3.74877400
0.11138900,3.69848600
0.11205600,3.65154200
0.11272300,3.69999300
0.11339000,3.59937500
0.11405700,3.59937500
0.11472400,3.62533900
0.11539100,3.47131600
0.11605800,3.62681600
0.11672500,3.64968400
0.11739200,3.57375200
0.11805900,3.64819700
0.11872600,3.62681600
0.11939300,3.88033500
0.12006000,3.95449900
0.12072700,4.03016500
0.12139400,4.10160200
0.12206100,3.94724900
0.12272800,4.07668400
0.12339500,4.07876400
0.12406200,3.99907700
0.12472900,3.97625100
0.12539600,3.94886000
0.12606300,3.95087400
0.12673000,3.95248500
0.12739700,3.93164100
0.12806400,3.80712200
0.12873100,3.87836100
0.12939800,3.92867000
0.13006500,3.85549400
0.13073200,3.95449900
0.13139900,3.95449900
0.13206600,3.90421100
0.13273300,4.08250700
0.13340000,4.05507700
0.13406700,4.18478800
0.13473400,4.23509700
0.13540100,4.26253800
0.13606800,4.38657300
0.13673500,4.35915800
0.13740200,4.43683700
0.13806900,4.48709900
0.13873600,4.53736200
0.13940300,4.51267500
0.14007000,4.51267500
0.14073700,4.48115400
0.14140400,4.55602600
0.14207100,4.68385000
0.14273800,4.68815000
0.14340500,4.77020100
0.14407200,4.72229500
0.14473900,4.62162600
0.14540600,4.71989200
0.14607300,4.82051000
0.14674000,4.81854700
0.14740700,4.82051000
0.14807400,4.82296400
0.14874100,4.87787400
0.14940800,4.90274900
0.15007500,4.89826000
0.15074200,4.94403400
0.15140900,4.86893800
0.15207600,5.06990900
0.15274300,5.22542600
0.15341000,5.35561400
0.15407700,5.38305500
0.15474400,5.33057400
0.15541100,5.38086200
0.15607800,5.30044300
0.15674500,5.42617200
0.15741200,5.39876700
0.15807900,5.52383900
0.15874600,5.49925100
0.15941300,5.50149400
0.16008000,5.50149400
0.16074700,5.50429800
0.16141400,5.63230500
0.16208100,5.71002300
0.16274800,5.89071800
0.16341500,5.79304700
0.16408200,5.68490900
0.16474900,5.66204200
0.16541600,5.68948200
0.16608300,5.83803000
0.16675000,5.96846800
0.16741700,5.99133600
0.16808400,6.09652700
0.16875100,6.06661400
0.16941800,6.19146600
0.17008500,6.19462100
0.17075200,6.16719100
0.17141900,6.21747900
0.17208600,6.29776300
0.17275300,6.50092300
0.17342000,6.54787500
0.17408700,6.67581700
0.17475400,6.72333800
0.17542100,6.74892600
0.17608800,6.69866300
0.17675500,6.65178800
0.17742200,6.62892900
0.17808900,6.67921800
0.17875600,6.83286800
0.17942300,6.88317600
0.18009000,6.93983800
0.18075700,6.73841800
0.18142400,6.68348600
0.18209100,6.86201700
0.18275800,6.85922500
0.18342500,7.16216200
0.18409200,7.28725100
0.18475900,7.41525800
0.18542600,7.56227000
0.18609300,7.43889800
0.18676000,7.36121900
0.18742700,7.25773300
0.18809400,7.30797500
0.18876100,7.43586500
0.18942800,7.63994900
0.19009500,7.69021200
0.19076200,7.63994900
0.19142900,7.69021200
0.19209600,7.71448200
0.19276300,7.69021200
0.19343000,7.79530600
0.19409700,7.79530600
0.19476400,7.72156000
0.19543100,7.74899100
0.19609800,7.85276600
0.19676500,7.67830500
0.19743200,7.70431900
0.19809900,7.75467400
0.19876600,7.70118400
0.19943300,7.85676400
0.20010000,7.85276600
0.20076700,7.80245700
0.20143400,7.76789100
0.20210100,7.89583300
0.20276800,8.04334100
0.20343500,8.16706400
0.20410200,8.25224100
0.20476900,8.15171600
0.20543600,8.15171600
0.20610300,8.04662000
0.20677000,8.10145300
0.20743700,8.29912000
0.20810400,8.38018200
0.20877100,8.48503000
0.20943800,8.36042900
0.21010500,8.31435100
0.21077200,8.13175200
0.21143900,8.21368200
0.21210600,8.23236900
0.21277300,8.28689600
0.21344000,8.19039200
0.21410700,8.10431100
0.21477400,8.23656100
0.21544100,8.20950200
0.21610800,8.48503000
0.21677500,8.58560800
0.21744200,8.68618400
0.21810900,8.78685600
0.21877600,8.86447900
0.21944300,8.76747300
0.22011000,8.61303700
0.22077700,8.63589600
0.22144400,8.53531900
0.22211100,8.60865000
0.22277800,8.73659200
0.22344500,8.63149700
0.22411200,8.68278900
0.22477900,8.75586800
0.22544601,8.78327400
0.22611301,8.80611000
0.22678001,8.86447900
0.22744701,8.76747300
0.22811401,8.71716500
0.22878101,8.79491500
0.22944801,8.70917600
0.23011501,8.65891400
0.23078201,8.66332500
0.23144901,8.56623700
0.23211601,8.51592900
0.23278301,8.61654700
0.23345001,8.63589600
0.23411701,8.60865000
0.23478401,8.73659200
0.23545101,8.73303100
0.23611801,8.65538300
0.23678501,8.78327400
0.23745201,8.75140400
0.23811901,8.90662000
0.23878601,9.00705300
0.23945301,8.87923000
0.24012001,8.96140500
0.24078701,8.83711800
0.24145401,8.88375800
0.24212101,8.93400000
0.24278801,8.83711800
0.24345501,8.86092000
0.24412201,8.53097200
0.24478901,8.63149700
0.24545601,8.55838700
0.24612301,8.63589600
0.24679001,8.70917600
0.24745701,8.57773700
0.24812401,8.62797800
0.24879101,8.50355500
0.24945801,8.50788900
0.25012501,8.51135500
0.25079201,8.48070900
0.25145901,8.55053700
0.25212601,8.56986500
0.25279301,8.59724400
0.25346001,8.49575600
0.25412701,8.31432100
0.25479401,8.34936200
0.25546101,8.32652500
0.25612801,8.39532300
0.25679501,8.42700900
0.25746201,8.39532300
0.25812901,8.29488900
0.25879601,8.30250500
0.25946301,8.30250500
0.26013001,8.25644600
0.26079701,8.20615900
0.26146401,8.14839300
0.26213101,8.12098800
0.26279801,8.07074500
0.26346501,7.99635800
0.26413201,8.02377400
0.26479901,7.92324800
0.26546601,7.99635800
0.26613301,7.97351100
0.26680001,7.97757400
0.26746701,8.00043300
0.26813401,7.89583300
0.26880101,7.99309900
0.26946801,7.81496700
0.27013501,7.76789100
0.27080201,7.81496700
0.27146901,7.76472400
0.27213601,7.79212900
0.27280301,7.71054900
0.27347001,7.58968500
0.27413701,7.56684000
0.27480401,7.56375500
0.27547101,7.61710300
0.27613801,7.53942300
0.27680501,7.46554700
0.27747201,7.34884300
0.27813901,7.34884300
0.27880601,7.44268800
0.27947301,7.36497000
0.28014001,7.26439200
0.28080701,7.13275100
0.28147401,6.95809000
0.28214101,6.97739400
0.28280801,6.95454600
0.28347501,6.84945200
0.28414201,6.92713100
0.28480901,7.00480900
0.28547601,7.12984400
0.28614301,7.48229100
0.28681001,7.50968200
0.28747701,7.40468400
0.28814401,7.23032900
0.28881101,6.82660500
0.28947801,6.72333800
0.29014501,6.69593200
0.29081201,6.66969300
0.29147901,6.61491100
0.29214601,6.51780100
0.29281301,6.23918400
0.29348001,6.23918400
0.29414701,6.16405000
0.29481401,6.14120300
0.29548101,6.29199100
0.29614801,6.21431300
0.29681501,6.06105200
0.29748201,5.98584600
0.29814901,5.88531900
0.29881601,5.86088800
0.29948301,6.01877700
0.30015001,5.90816600
0.30081701,5.83803000
0.30148401,5.81060000
0.30215101,5.80764100
0.30281801,5.78479300
0.30348501,5.91032600
0.30415201,5.85551500
0.30481901,5.83267800
0.30548601,5.88531900
0.30615301,5.73288200
0.30682001,5.75503100
0.30748701,5.60658900
0.30815401,5.50429800
0.30882101,5.42838500
0.30948801,5.19534800
0.31015501,5.14298800
0.31082201,5.04250300
0.31148901,5.02171300
0.31215601,4.97398300
0.31282301,4.91912300
0.31349001,4.84597600
0.31415701,4.71796900
0.31482401,4.76825800
0.31549101,4.79764200
0.31615801,4.79568800
0.31682501,4.84597600
0.31749201,4.82051000
0.31815901,4.79568800
0.31882601,4.61927400
0.31949301,4.56710400
0.32016001,4.53736200
0.32082701,4.46652700
0.32149401,4.66530400
0.32216101,4.69080700
0.32282801,4.63599700
0.32349501,4.68385000
0.32416201,4.68385000
0.32482901,4.58762500
0.32549601,4.50994600
0.32616301,4.43683700
0.32683001,4.02559500
0.32749701,4.02395400
0.32816401,3.99907700
0.32883101,4.14972700
0.32949801,4.43502800
0.33016501,4.33174100
0.33083201,4.33571500
0.33149901,4.13447900
0.33216601,4.00642000
0.33283301,4.05672900
0.33350001,4.08250700
0.33416701,4.02764600
0.33483401,4.08042700
0.33550101,3.95248500
0.33616801,3.95248500
0.33683501,4.03016500
0.33750201,3.95449900
0.33816901,4.10327400
0.33883601,4.10327400
0.33950301,4.03221800
0.34017001,4.05507700
0.34083701,3.92707000
0.34150401,3.79906300
0.34217101,3.69999300
0.34283801,3.72591600
0.34350501,3.64968400
0.34417201,3.62681600
0.34483901,3.59607600
0.34550601,3.59607600
0.34617301,3.72401800
0.34684001,3.74877400
0.34750701,3.77774300
0.34817401,3.69999300
0.34884101,3.64633900
0.34950801,3.59461000
0.35017501,3.67038600
0.35084201,3.72060300
0.35150901,3.87480700
0.35217601,4.03016500
0.35284301,3.97533200
0.35351001,4.00478800
0.35417701,3.90421100
0.35484401,3.92867000
0.35551101,3.97897900
0.35617801,4.03221800
0.35684501,4.03221800
0.35751201,4.00274800
0.35817901,4.00274800
0.35884601,3.92507000
0.35951301,3.80014700
0.36018001,3.67225800
0.36084701,3.64633900
0.36151401,4.16022500
0.36218101,4.21222900
0.36284801,4.26470800
0.36351501,4.18478800
0.36418201,3.69999300
0.36484901,3.72591600
0.36551601,3.72591600
0.36618301,3.87836100
0.36685001,3.95449900
0.36751701,4.08250700
0.36818401,4.20836900
0.36885101,4.07668400
0.36951801,4.17924800
0.37018501,4.12900600
0.37085201,4.07876400
0.37151901,4.28147800
0.37218601,4.25689600
0.37285301,4.32997600
0.37352001,4.40762200
0.37418701,4.38657300
0.37485401,4.41166700
0.37552101,4.28540600
0.37618801,4.21437400
0.37685501,4.10912900
0.37752201,4.03591500
0.37818901,4.21222900
0.37885601,4.28540600
0.37952301,4.41346500
0.38019001,4.44090700
0.38085701,4.39283200
0.38152401,4.33792200
0.38219101,4.33571500
0.38285801,4.38423700
0.38352501,4.50994600
0.38419201,4.66102500
0.38485901,4.73406700
0.38552601,4.81412900
0.38619301,4.89177600
0.38686001,4.86883400
0.38752701,4.84795100
0.38819401,4.92570100
0.38886101,4.87787400
0.38952801,4.95108800
0.39019501,5.10666800
0.39086201,5.02632000
0.39152901,5.07456100
0.39219601,4.99684100
0.39286301,4.92369500
0.39353001,4.97601000
0.39419701,5.00142200
0.39486401,5.10874700
0.39553101,5.13163500
0.39619801,5.15910100
0.39686501,5.11134500
0.39753201,5.13163500
0.39819901,5.20945600
0.39886601,5.28996700
0.39953301,5.28727800
0.40020001,5.38798800
0.40086701,5.43834300
0.40153401,5.53679900
0.40220101,5.63460000
0.40286801,5.63230500
0.40353501,5.58429100
0.40420201,5.60658900
0.40486901,5.68716500
0.40553601,5.76265900
0.40620301,5.86247300
0.40687001,5.86785000
0.40753701,5.83803000
0.40820401,5.96603700
0.40887101,5.98889500
0.40953801,6.06661400
0.41020501,6.17284400
0.41087201,6.17598500
0.41153901,6.28384000
0.41220601,6.22887900
0.41287301,6.32842400
0.41354001,6.24745500
0.41420701,6.27809000
0.41487401,6.40621400
0.41554101,6.33100000
0.41620801,6.40424400
0.41687501,6.42582200
0.41754201,6.52644000
0.41820901,6.65449900
0.41887601,6.63163100
0.41954301,6.68194000
0.42021001,6.72607900
0.42087701,6.74617500
0.42154401,6.90146900
0.42221101,6.97454900
0.42287801,7.03222600
0.42354501,7.05866700
0.42421201,7.23696300
0.42487901,7.31468100
0.42554601,7.26735300
0.42621301,7.36797100
0.42688001,7.08898500
0.42754701,7.06513900
0.42821401,7.21704400
0.42888101,7.23696300
0.42954801,7.41525800
0.43021501,7.36497000
0.43088201,7.27105300
0.43154901,7.27105300
0.43221601,7.29393200
0.43288301,7.49984600
0.43355001,7.57069500
0.43421701,7.59355300
0.43488401,7.89583300
0.43555101,7.91867900
0.43621801,7.95014400
0.43688501,7.92271400
0.43755201,7.84956700
0.43821901,7.89261300
0.43888601,7.94285600
0.43955301,8.07403700
0.44022001,7.94609500
0.44088701,7.92271400
0.44155401,7.91867900
0.44222101,7.91545100
0.44288801,8.14714700
0.44355501,8.20158600
0.44422201,8.23236900
0.44488901,8.33756200
0.44555601,8.25644600
0.44622301,8.23694300
0.44689001,8.30250500
0.44755701,8.22939400
0.44822401,8.15171600
0.44889101,8.19445600
0.44955801,8.19863500
0.45022501,8.24887800
0.45089201,8.40303000
0.45155901,8.47725200
0.45222601,8.53097200
0.45289301,8.56274800
0.45356001,8.45329300
0.45422701,8.45760100
0.45489401,8.40731200
0.45556101,8.53097200
0.45622801,8.63149700
0.45689501,8.65891400
0.45756201,8.68278900
0.45822901,8.57773700
0.45889601,8.63254500
0.45956301,8.55489800
0.46023001,8.55489800
0.46089701,8.66332500
0.46156401,8.71716500
0.46223101,8.77640100
0.46289801,8.75351000
0.46356501,8.67126800
0.46423201,8.51592900
0.46489901,8.51246100
0.46556601,8.56623700
0.46623301,8.56274800
0.46690001,8.63149700
0.46756701,8.68278900
0.46823401,8.70562600
0.46890101,8.80970200
0.46956801,8.86809200
0.47023501,8.97328300
0.47090201,9.04277400
0.47156901,9.11584900
0.47223601,9.11584900
0.47290301,9.03816900
0.47357001,9.11584900
0.47423701,9.04277400
0.47490401,9.09300100
0.47557101,8.96505900
0.47623801,8.84522300
0.47690501,8.74460600
0.47757201,8.54314400
0.47823901,8.62093400
0.47890601,8.71361400
0.47957301,8.79133300
0.48024001,8.93764400
0.48090701,8.91479700
0.48157401,8.84162000
0.48224101,8.76390200
0.48290801,8.63941500
0.48357501,8.71716500
0.48424201,8.69429700
0.48490901,8.79133300
0.48557601,9.13953600
0.48624301,9.06189000
0.48691001,9.10748700
0.48757701,8.90662000
0.48824401,8.62797800
0.48891101,8.80611000
0.48957801,8.80611000
0.49024501,8.90662000
0.49091201,8.90662000
0.49157901,8.80162100
0.49224601,8.75140400
0.49291301,8.78685600
0.49358001,8.85996400
0.49424701,8.94219800
0.49491401,8.86809200
0.49558101,8.91933900
0.49624801,8.74460600
0.49691501,8.51592900
0.49758201,8.51246100
0.49824901,8.48503000
0.49891601,8.58580400
0.49958301,8.60865000
0.50025001,8.74460600
0.50091701,8.69429700
0.50158401,8.72160300
0.50225101,8.92297500
0.50291801,8.91933900
0.50358501,8.91933900
0.50425201,8.68176000
0.50491901,8.50355500
0.50558601,8.43044600
0.50625301,8.35276700
0.50692001,8.45329300
0.50758701,8.30250500
0.50825401,8.24887800
0.50892101,8.22147200
0.50958801,8.20197900
0.51025501,8.32992100
0.51092201,8.12844000
0.51158901,8.10558100
0.51225601,8.05529200
0.51292301,7.87699700
0.51359001,7.94609500
0.51425701,7.89985600
0.51492401,7.82213800
0.51559101,7.92594300
0.51625801,7.90709800
0.51692501,7.90709800
0.51759201,8.00043300
0.51825901,7.97026000
0.51892601,7.88859000
0.51959301,7.90415200
0.52026001,7.78100600
0.52092701,7.75759900
0.52159401,7.83117700
0.52226101,7.78815600
0.52292801,7.83837300
0.52359501,7.71448200
0.52426201,7.66423900
0.52492901,7.61011600
0.52559601,7.43889800
0.52626301,7.28354000
0.52693001,6.93066100
0.52759701,6.83286800
0.52826401,6.83286800
0.52893101,6.96092600
0.52959801,7.26735300
0.53026501,7.26439200
0.53093201,7.15559800
0.53159901,7.02479100
0.53226601,6.90146900
0.53293301,6.82660500
0.53360001,6.92713100
0.53426701,7.10533500
0.53493401,7.12984400
0.53560101,6.96814900
0.53626801,7.20087600
0.53693501,6.97271300
0.53760201,6.79474400
0.53826901,6.97271300
0.53893601,6.61339900
0.53960301,6.50583900
0.54027001,6.56054800
0.54093701,6.35798500
0.54160401,6.28365500
0.54227101,6.31361100
0.54293801,6.29199100
0.54360501,6.21431300
0.54427201,6.06661400
0.54493901,6.01632500
0.54560601,5.78479300
0.54627301,5.80764100
0.54694001,5.88531900
0.54760701,5.81060000
0.54827401,5.83803000
0.54894101,5.81060000
0.54960801,5.65685300
0.55027501,5.52665700
0.55094201,5.50381900
0.55160901,5.34852500
0.55227601,5.32112000
0.55294301,5.31840700
0.55361001,5.27087700
0.55427701,5.39601500
0.55494401,5.49644800
0.55561101,5.50149400
0.55627801,5.49925100
0.55694501,5.35070600
0.55761201,5.17250200
0.55827901,5.04250300
0.55894601,4.96942300
0.55961301,4.84597600
0.56028001,4.87340600
0.56094701,4.87340600
0.56161401,4.79568800
0.56228101,4.69053900
0.56294801,4.66768100
0.56361501,4.64214200
0.56428201,4.59417100
0.56494901,4.64025100
0.56561601,4.51408300
0.56628301,4.51224400
0.56695001,4.53551200
0.56761701,4.58575500
0.56828401,4.53320000
0.56895101,4.46243200
0.56961801,4.33631000
0.57028501,4.33454300
0.57095201,4.27973300
0.57161901,4.35515900
0.57228601,4.43502800
0.57295301,4.45968300
0.57362001,4.51451500
0.57428701,4.43683700
0.57495401,4.33454300
0.57562101,4.15641100
0.57628801,4.08042700
0.57695501,4.08250700
0.57762201,4.26080200
0.57828901,4.34028800
0.57895601,4.31109000
0.57962301,4.21051400
0.58029001,4.00478800
0.58095701,3.87480700
0.58162401,3.95248500
0.58229101,3.97371200
0.58295801,4.00274800
0.58362501,4.13069000
0.58429201,4.00478800
0.58495901,4.03016500
0.58562601,3.92347000
0.58629301,3.92347000
0.58696001,3.94886000
0.58762701,3.94886000
0.58829401,4.20450900
0.58896101,4.09951100
0.58962801,4.15429200
0.59029501,4.05301100
0.59096201,3.92507000
0.59162901,3.95449900
0.59229601,3.87678100
0.59296301,3.85392300
0.59363001,3.57193400
0.59429701,3.52019000
0.59496401,3.44387500
0.59563101,3.46990200
0.59629801,3.69509500
0.59696501,3.62349200
0.59763201,3.62349200
0.59829901,3.64633900
0.59896601,3.55087300
0.59963301,3.55087300
0.60030001,3.67712500
0.60096701,3.62866300
0.60163401,3.62349200
0.60230101,3.69660200
0.60296801,3.67225800
0.60363501,3.82103600
0.60430201,3.90222300
0.60496901,4.02646800
0.60563601,4.20665400
0.60630301,4.10160200
0.60697001,4.10160200
0.60763701,3.97533200
0.60830401,3.82649200
0.60897101,3.82649200
0.60963801,4.05507700
0.61030501,4.13447900
0.61097201,4.16022500
0.61163901,3.90421100
0.61230601,3.69848600
0.61297301,3.72591600
0.61364001,3.69999300
0.61430701,3.90580200
0.61497401,3.80518400
0.61564101,3.72401800
0.61630801,3.77274200
0.61697501,3.85039000
0.61764201,3.92347000
0.61830901,3.90222300
0.61897601,3.90222300
0.61964301,3.92507000
0.62031001,3.97533200
0.62097701,4.15353700
0.62164401,4.30494300
0.62231101,4.32776800
0.62297801,4.42869700
0.62364501,4.37852600
0.62431201,4.27755100
0.62497901,4.40357800
0.62564601,4.35515900
0.62631301,4.38255000
0.62698001,4.35738000
0.62764701,4.38423700
0.62831401,4.46377400
0.62898101,4.44316700
0.62964801,4.49350200
0.63031501,4.33792200
0.63098201,4.28758700
0.63164901,4.33792200
0.63231601,4.39283200
0.63298301,4.57129100
0.63365001,4.74733400
0.63431701,4.71989200
0.63498401,4.82051000
0.63565101,4.89626500
0.63631801,5.17513700
0.63698501,5.30044300
0.63765201,5.29828200
0.63831901,5.32785900
0.63898601,5.14965400
0.63965301,5.27759600
0.64032001,5.32785900
0.64098701,5.37592900
0.64165401,5.35070600
0.64232101,5.22755500
0.64298801,5.27786400
0.64365501,5.27786400
0.64432201,5.27571300
0.64498901,5.32568700
0.64565601,5.30314400
0.64632301,5.32817300
0.64699001,5.30530500
0.64765701,5.43613000
0.64832401,5.43613000
0.64899101,5.43613000
0.64965801,5.58429100
0.65032501,5.58429100
0.65099201,5.73745300
0.65165901,5.80764100
0.65232601,5.93860700
0.65299301,5.91574900
0.65366001,5.91273600
0.65432701,5.85551500
0.65499401,5.91032600
0.65566101,6.03057100
0.65632801,6.10817900
0.65699501,6.18894200
0.65766201,6.11129400
0.65832901,6.13557000
0.65899601,6.05796200
0.65966301,6.08845700
0.66033001,6.08845700
0.66099701,5.98584600
0.66166401,6.06352400
0.66233101,6.09094000
0.66299801,6.14433200
0.66366501,6.29776300
0.66433201,6.32842400
0.66499901,6.32842400
0.66566601,6.40163900
0.66633301,6.42909300
0.66700001,6.47613000
0.66766701,6.57674900
0.66833401,6.52644000
0.66900101,6.65178800
0.66966801,6.86030800
0.67033501,6.98552100
0.67100201,7.03222600
0.67166901,7.08609800
0.67233601,7.03123700
0.67300301,7.13638600
0.67367001,7.18667400
0.67433701,7.28354000
0.67500401,7.31095600
0.67567101,7.10533500
0.67633802,7.13275100
0.67700502,6.98552100
0.67767202,6.95809000
0.67833902,7.13929400
0.67900602,7.13929400
0.67967302,7.24359800
0.68034002,7.34800300
0.68100702,7.32138700
0.68167402,7.45330200
0.68234102,7.51889800
0.68300802,7.51200700
0.68367502,7.56612400
0.68434202,7.51583500
0.68500902,7.41525800
0.68567602,7.49297700
0.68634302,7.56684000
0.68701002,7.68707700
0.68767702,7.79212900
0.68834402,7.92001900
0.68901102,7.99635800
0.68967802,8.05529200
0.69034502,8.18206000
0.69101202,8.13175200
0.69167902,8.10558100
0.69234602,8.07403700
0.69301302,7.97351100
0.69368002,7.87242600
0.69434702,7.84956700
0.69501402,7.89985600
0.69568102,7.94609500
0.69634802,7.96569300
0.69701502,8.07403700
0.69768202,8.07403700
0.69834902,8.20197900
0.69901602,8.25644600
0.69968302,8.25644600
0.70035002,8.28725200
0.70101702,8.29147100
0.70168402,8.59347900
0.70235102,8.59347900
0.70301802,8.74460600
0.70368502,8.64398800
0.70435202,8.53531900
0.70501902,8.70917600
0.70568602,8.73659200
0.70635302,8.70562600
0.70702002,8.63149700
0.70768702,8.42700900
0.70835402,8.34936200
0.70902102,8.55838700
0.70968802,8.52749400
0.71035502,8.56274800
0.71102202,8.53879700
0.71168902,8.48848800
0.71235602,8.52026500
0.71302302,8.49280900
0.71369002,8.46535400
0.71435702,8.54314400
0.71502402,8.46535400
0.71569102,8.58910700
0.71635802,8.66332500
0.71702502,8.63606600
0.71769202,8.73303100
0.71835902,8.86092000
0.71902602,8.83351500
0.71969302,8.93764400
0.72036002,8.93400000
0.72102702,8.87923000
0.72169402,9.00705300
0.72236102,8.95683600
0.72302802,9.03448500
0.72369502,8.94219800
0.72436202,8.81419100
0.72502902,8.68176000
0.72569602,8.68618400
0.72636302,8.68176000
0.72703002,8.68618400
0.72769702,8.76390200
0.72836402,8.78685600
0.72903102,8.71716500
0.72969802,8.69429700
0.73036502,8.67126800
0.73103202,8.51592900
0.73169902,8.55838700
0.73236602,8.55489800
0.73303302,8.47293000
0.73370002,8.58123500
0.73436702,8.68633000
0.73503402,8.69075600
0.73570102,8.76390200
0.73636802,8.80970200
0.73703502,8.73647300
0.73770202,8.71361400
0.73836902,8.86447900
0.73903602,8.76390200
0.73970302,8.78685600
0.74037002,8.75586800
0.74103702,8.50465700
0.74170402,8.58123500
0.74237102,8.51246100
0.74303802,8.48503000
0.74370502,8.51246100
0.74437202,8.43044600
0.74503902,8.43044600
0.74570602,8.48070900
0.74637302,8.43474200
0.74704002,8.35702300
0.74770702,8.28387600
0.74837402,8.15919300
0.74904102,8.15586900
0.74970802,8.02786300
0.75037502,7.99635800
0.75104202,8.04334100
0.75170902,8.04334100
0.75237602,8.14839300
0.75304302,8.15171600
0.75371002,8.12098800
0.75437702,8.12430000
0.75504402,8.15171600
0.75571102,8.17456200
0.75637802,8.12844000
0.75704502,8.12430000
0.75771202,7.99309900
0.75837902,7.88859000
0.75904602,7.90818700
0.75971302,7.73021900
0.76038002,7.71054900
0.76104702,7.63294100
0.76171402,7.53635000
0.76238102,7.66736500
0.76304802,7.64384200
0.76371502,7.72156000
0.76438202,7.67127200
0.76504902,7.57069500
0.76571602,7.58659200
0.76638302,7.50894500
0.76705002,7.61399700
0.76771702,7.55989900
0.76838402,7.41148200
0.76905102,7.41148200
0.76971802,7.31095600
0.77038502,7.31468100
0.77105202,7.33837200
0.77171902,7.40846100
0.77238602,7.45870300
0.77305302,7.43207500
0.77372002,7.37884500
0.77438702,7.17642500
0.77505402,6.97555900
0.77572102,6.89795100
0.77638802,6.97911700
0.77705502,6.85122700
0.77772202,6.80098400
0.77838902,6.77358000
0.77905602,6.52045900
0.77972302,6.60150000
0.78039002,6.57674900
0.78105702,6.44606300
0.78172402,6.41993300
0.78239102,6.36967000
0.78305802,6.29199100
0.78372502,6.32262800
0.78439202,6.34225400
0.78505902,6.31940700
0.78572602,6.36707400
0.78639302,6.38665400
0.78706002,6.31683100
0.78772702,6.15839600
0.78839402,6.31103500
0.78906102,6.31361100
0.78972802,6.36382800
0.79039502,6.41142700
0.79106202,6.18894200
0.79172902,6.03610800
0.79239602,5.88531900
0.79306302,5.78774100
0.79373002,5.62714100
0.79439702,5.57405600
0.79506402,5.60430400
0.79573102,5.55632600
0.79639802,5.48144000
0.79706502,5.35561400
0.79773202,5.28028500
0.79839902,5.30314400
0.79906602,5.33057400
0.79973302,5.38086200
0.80040002,5.25285500
0.80106702,5.12484800
0.80173402,5.15437800
0.80240102,5.09949600
0.80306802,5.12693700
0.80373502,5.14965400
0.80440202,5.09939200
0.80506902,5.14965400
0.80573602,5.27544500
0.80640302,5.30044300
0.80707002,5.19779700
0.80773702,5.11754000
0.80840402,4.89377100
0.80907102,4.81412900
0.80973802,4.84153400
0.81040502,4.68815000
0.81107202,4.84153400
0.81173902,4.71556600
0.81240602,4.71556600
0.81307302,4.71364400
0.81374002,4.48709900
0.81440702,4.53736200
0.81507402,4.43909700
0.81574102,4.46652700
0.81640802,4.46425200
0.81707502,4.40942000
0.81774202,4.28430100
0.81840902,4.25689600
0.81907602,4.56291700
0.81974302,4.53551200
0.82041002,4.63363400
0.82107702,4.73863300
0.82174402,4.55873000
0.82241102,4.55873000
0.82307802,4.58575500
0.82374502,4.45968300
0.82441202,4.26080200
0.82507902,4.31109000
0.82574602,4.23121500
0.82641302,4.10536500
0.82708002,4.15565300
0.82774702,4.05672900
0.82841402,4.00478800
0.82908102,4.00274800
0.82974802,3.90063200
0.83041502,3.74990500
0.83108202,3.72591600
0.83174902,3.67562700
0.83241602,3.72743400
0.83308302,3.75030200
0.83375002,3.77774300
0.83441702,3.77620400
0.83508402,3.62533900
0.83575102,3.69660200
0.83641802,3.64485300
0.83708502,3.72250000
0.83775202,3.87480700
0.83841902,4.00274800
0.83908602,4.05135900
0.83975302,3.97990200
0.84042002,3.87125300
0.84108702,3.79821000
0.84175402,3.80014700
0.84242102,3.80014700
0.84308802,3.82454300
0.84375502,3.80363400
0.84442202,3.77774300
0.84508902,3.82805200
0.84575602,3.80518400
0.84642302,3.65154200
0.84709002,3.64968400
0.84775702,3.64819700
0.84842402,3.72743400
0.84909102,3.80363400
0.84975802,3.82805200
0.85042502,3.77966600
0.85109202,3.77774300
0.85175902,3.75487500
0.85242602,3.69660200
0.85309302,3.80014700
0.85376002,3.74686500
0.85442702,3.85196000
0.85509402,4.08417000
0.85576102,4.00642000
0.85642802,4.18095300
0.85709502,4.22949100
0.85776202,4.12900600
0.85842902,4.09951100
0.85909602,4.02395400
0.85976302,4.00111700
0.86043002,3.89864300
0.86109702,3.90222300
0.86176402,3.92707000
0.86243102,3.95611100
0.86309802,3.95812500
0.86376502,3.95812500
0.86443202,3.93227000
0.86509902,3.98262500
0.86576602,4.08791300
0.86643302,4.28758700
0.86710002,4.44090700
0.86776702,4.41346500
0.86843402,4.54152400
0.86910102,4.51865600
0.86976802,4.39059700
0.87043502,4.33174100
0.87110202,4.33174100
0.87176902,4.48709900
0.87243602,4.58575500
0.87310302,4.79324500
0.87377002,4.74104900
0.87443702,4.68623900
0.87510402,4.76583000
0.87577102,4.71796900
0.87643802,4.69245100
0.87710502,4.69483900
0.87777202,4.64214200
0.87843902,4.66958300
0.87910602,4.85041900
0.87977302,4.97854300
0.88044002,5.03092500
0.88110702,5.05175700
0.88177402,4.89826000
0.88244102,4.84795100
0.88310802,4.81854700
0.88377502,4.89826000
0.88444202,5.22542600
0.88510902,5.22276400
0.88577602,5.30044300
0.88644302,5.34852500
0.88711002,5.24804000
0.88777702,5.37592900
0.88844402,5.63400500
0.88911102,5.70711500
0.88977802,5.78479300
0.89044502,5.65685300
0.89111202,5.52665700
0.89177902,5.49644800
0.89244602,5.52158500
0.89311302,5.70478800
0.89378002,5.62943600
0.89444702,5.56142300
0.89511402,5.53905300
0.89578102,5.53398200
0.89644802,5.71002300
0.89711502,5.93860700
0.89778202,5.96299800
0.89844902,5.93558200
0.89911602,5.86088800
0.89978302,5.88831800
0.90045002,6.01632500
0.90111702,6.16719100
0.90178402,6.36967000
0.90245102,6.36707400
0.90311802,6.41993300
0.90378502,6.52045900
0.90445202,6.47019600
0.90511902,6.55121100
0.90578602,6.57072200
0.90645302,6.62555300
0.90712002,6.64840100
0.90778702,6.67581700
0.90845402,6.72607900
0.90912102,6.64840100
0.90978802,6.77979600
0.91045502,6.80265400
0.91112202,6.70207600
0.91178902,6.73224900
0.91245602,6.75855500
0.91312302,6.70822100
0.91379002,6.83634600
0.91445702,6.88668000
0.91512402,6.86030800
0.91579102,7.05866700
0.91645802,7.11185300
0.91712502,7.13638600
0.91779202,7.23696300
0.91845902,7.26735300
0.91912602,7.23696300
0.91979302,7.38863500
0.92046002,7.35821800
0.92112702,7.28142500
0.92179402,7.50968200
0.92246102,7.61399700
0.92312802,7.81496700
0.92379502,7.84556900
0.92446202,7.82213800
0.92512902,7.82213800
0.92579602,7.75214800
0.92646302,7.90307500
0.92713002,7.62409000
0.92779702,7.62098400
0.92846402,7.67439800
0.92913102,7.49603000
0.92979802,7.84956700
0.93046502,7.80642900
0.93113202,7.74899100
0.93179902,7.82213800
0.93246602,7.77501600
0.93313302,7.82213800
0.93380002,7.98082400
0.93446702,8.10558100
0.93513402,8.25644600
0.93580102,8.20615900
0.93646802,8.09688400
0.93713502,8.09688400
0.93780202,8.08945800
0.93846902,8.21392800
0.93913602,8.37249700
0.93980302,8.47293000
0.94047002,8.42700900
0.94113702,8.53531900
0.94180402,8.52749400
0.94247102,8.52749400
0.94313802,8.58123500
0.94380502,8.32652500
0.94447202,8.35702300
0.94513902,8.36042900
0.94580602,8.38445300
0.94647302,8.53879700
0.94714002,8.43474200
0.94780702,8.40731200
0.94847402,8.43044600
0.94914102,8.42700900
0.94980802,8.55489800
0.95047502,8.62814500
0.95114202,8.63254500
0.95180902,8.70917600
0.95247602,8.78685600
0.95314302,8.83711800
0.95381002,9.04277400
0.95447702,9.07020500
0.95514402,9.12049400
0.95581102,9.19821200
0.95647802,9.04273800
0.95714502,9.16237400
0.95781202,9.03444400
0.95847902,8.97966300
0.95914602,8.95683600
0.95981302,8.80970200
0.96048002,8.84162000
0.96114702,8.84162000
0.96181402,8.76747300
0.96248102,8.83711800
0.96314802,8.70917600
0.96381502,8.74104400
0.96448202,8.66332500
0.96514902,8.63589600
0.96581602,8.79491500
0.96648302,8.74104400
0.96715002,8.86905100
0.96781702,8.86453300
0.96848402,8.93400000
0.96915102,8.87923000
0.96981802,9.10748700
0.97048502,9.16611100
0.97115202,9.06558500
0.97181902,9.24850000
0.97248602,9.11584900
0.97315302,9.16237400
0.97382002,9.21637300
0.97448702,9.06558500
0.97515402,9.07020500
0.97582102,9.02359200
0.97648802,8.91933900
0.97715502,9.07020500
0.97782202,9.24379000
0.97848902,8.78685600
0.97915602,8.88738100
0.97982302,8.71361400
0.98049002,8.38787000
0.98115702,8.79491500
0.98182402,8.71716500
0.98249102,8.71361400
0.98315802,8.74104400
0.98382502,8.75943900
0.98449202,8.81419100
0.98515902,8.94219800
0.98582602,9.19821200
0.98649302,9.09300100
0.98716002,9.08466100
0.98782702,8.91116200
0.98849402,8.75140400
0.98916102,8.78327400
0.98982802,8.73659200
0.99049502,8.78327400
0.99116202,8.75140400
0.99182902,8.77879600
0.99249602,8.72858000
0.99316302,8.72501700
0.99383002,8.65538300
0.99449702,8.45329300
0.99516402,8.48503000
0.99583102,8.36468500
0.99649802,8.26401600
0.99716502,8.28267900
0.99783202,8.20615900
0.99849902,8.15586900
0.99916602,8.15586900
0.99983302,8.18206000
1.00050002,8.26401600
1.00116702,8.28689600
1.00183402,8.46104600
1.00250102,8.48848800
1.00316802,8.33416500
1.00383502,8.40731200
1.00450202,8.28387600
1.00516902,8.33416500
1.00583602,8.43474200
1.00650302,8.32652500
1.00717002,8.20197900
1.00783702,8.16706400
1.00850402,7.93880700
1.00917102,7.93880700
1.00983802,7.91141600
1.01050502,7.73731900
1.01117202,7.73731900
1.01183902,7.59355300
1.01250602,7.53942300
1.01317302,7.51583500
1.01384002,7.41828100
1.01450702,7.41525800
1.01517402,7.36497000
1.01584102,7.26439200
1.01650802,7.33380200
1.01717502,7.26439200
1.01784202,7.23696300
1.01850902,7.26439200
1.01917602,7.05507200
1.01984302,7.07960200
1.02051002,7.05219600
1.02117702,6.94533200
1.02184402,6.94816800
1.02251102,6.94533200
1.02317802,6.81408200
1.02384502,6.84144700
1.02451202,6.89161800
1.02517902,6.87056000
1.02584602,6.89795100
1.02651302,7.02479100
1.02718002,7.05507200
1.02784702,6.85122700
1.02851402,6.64840100
1.02918102,6.29519700
1.02984802,6.09094000
1.03051502,6.11378700
1.03118202,6.11690200
1.03184902,6.16405000
1.03251602,6.24172900
1.03318302,6.19146600
1.03385002,6.11378700
1.03451702,6.01326100
1.03518402,5.96299800
1.03585102,5.88292000
1.03651802,5.95509800
1.03718502,5.97486400
1.03785202,5.99977800
1.03851902,6.10257100
1.03918602,6.05549000
1.03985302,6.00774600
1.04052002,5.85014200
1.04118702,5.72237000
1.04185402,5.64647500
1.04252102,5.61910900
1.04318802,5.39601500
1.04385502,5.26819000
1.04452202,5.21797400
1.04518902,5.04250300
1.04585602,5.14298800
1.04652302,5.03993300
1.04719002,4.91661800
1.04785702,4.81609200
1.04852402,4.76825800
1.04919102,4.77020100
1.04985802,4.69245100
1.05052502,4.92369500
1.05119202,4.89377100
1.05185902,4.86635400
1.05252602,4.94201900
1.05319302,4.83906600
1.05386002,4.80971100
1.05452702,4.80725700
1.05519402,4.80725700
1.05586102,4.78689500
1.05652802,4.76388600
1.05719502,4.79129200
1.05786202,4.79129200
1.05852902,4.63788800
1.05919602,4.61316000
1.05986302,4.35915800
1.06053002,4.18095300
1.06119702,4.10327400
1.06186402,3.97533200
1.06253102,4.08042700
1.06319802,4.13069000
1.06386502,4.22949100
1.06453202,4.17924800
1.06519902,4.10784300
1.06586602,4.18095300
1.06653302,4.03016500
1.06720002,4.16022500
1.06786702,4.33852000
1.06853402,4.21051400
1.06920102,4.26253800
1.06986802,4.18308400
1.07053502,4.10536500
1.07120202,4.13447900
1.07186902,4.15353700
1.07253602,4.17924800
1.07320302,4.09951100
1.07387002,3.94724900
1.07453702,3.94886000
1.07520402,3.82298400
1.07587102,3.67375500
1.07653802,3.67375500
1.07720502,3.62349200
1.07787202,3.67375500
1.07853902,3.77428100
1.07920602,3.80363400
1.07987302,3.77620400
1.08054002,3.74877400
1.08120702,3.69999300
1.08187402,3.67375500
1.08254102,3.77812800
1.08320802,3.77812800
1.08387502,3.82454300
1.08454202,3.95449900
1.08520902,3.95248500
1.08587602,4.05301100
1.08654302,4.05507700
1.08721002,3.97735800
1.08787702,3.92347000
1.08854402,3.87322700
1.08921102,3.94724900
1.08987802,3.94724900
1.09054502,3.79364500
1.09121202,3.64485300
1.09187902,3.44071800
1.09254602,3.44071800
1.09321302,3.56866000
1.09388002,3.59607600
1.09454702,3.64819700
1.09521402,3.64968400
1.09588102,3.37378700
1.09654802,3.37241400
1.09721502,3.42274900
1.09788202,3.37069800
1.09854902,3.59607600
1.09921602,3.69848600
1.09988302,3.72591600
1.10055002,3.90421100
1.10121702,3.90421100
1.10188402,3.87322700
1.10255102,3.92347000
1.10321802,3.79558000
1.10388502,3.85196000
1.10455202,3.85392300
1.10521902,3.90222300
1.10588602,3.92347000
1.10655302,3.92347000
1.10722002,3.97625100
1.10788702,3.97827900
1.10855402,4.05301100
1.10922102,4.10160200
1.10988802,4.02928700
1.11055502,3.97533200
1.11122202,3.90421100
1.11188902,3.85392300
1.11255602,3.89864300
1.11322302,3.82454300
1.11389002,3.87480700
1.11455702,3.95248500
1.11522402,4.15565300
1.11589102,4.23337200
1.11655802,4.23337200
1.11722502,4.34028800
1.11789202,4.41346500
1.11855902,4.64025100
1.11922602,4.74540000
1.11989302,4.64025100
1.12056002,4.43452500
1.12122702,4.41346500
1.12189402,4.46195600
1.12256102,4.68815000
1.12322802,4.76825800
1.12389502,4.69245100
1.12456202,4.71989200
1.12522902,4.61927400
1.12589602,4.61739300
1.12656302,4.99429700
1.12723003,5.02171300
1.12789703,4.99684100
1.12856403,4.94856900
1.12923103,4.64025100
1.12989803,4.69702400
1.13056503,4.77020100
1.13123203,5.02427200
1.13189903,4.97398300
1.13256603,5.04713000
1.13323303,5.04713000
1.13390003,4.99887800
1.13456703,5.15437800
1.13523403,5.22542600
1.13590103,5.38086200
1.13656803,5.50149400
1.13723503,5.55632600
1.13790203,5.50886900
1.13856903,5.60658900
1.13923603,5.68426800
1.13990303,5.76031200
1.14057003,5.85790300
1.14123703,5.85790300
1.14190403,5.80764100
1.14257103,5.80764100
1.14323803,5.80764100
1.14390503,5.85790300
1.14457203,5.98584600
1.14523903,6.05796200
1.14590603,6.11129400
1.14657303,6.06105200
1.14724003,5.93316300
1.14790703,5.94102700
1.14857403,5.93860700
1.14924103,5.96846800
1.14990803,5.97454500
1.15057503,6.06908600
1.15124203,6.14226300
1.15190903,6.13976000
1.15257603,6.33966900
1.15324303,6.41731600
1.15391003,6.46755800
1.15457703,6.52045900
1.15524403,6.52045900
1.15591103,6.52045900
1.15657803,6.59813700
1.15724503,6.80375800
1.15791203,6.85751400
1.15857903,6.86030800
1.15924603,6.80889000
1.15991303,6.83286800
1.16058003,6.85294200
1.16124703,6.85294200
1.16191403,6.92713100
1.16258103,6.90428400
1.16324803,6.80542600
1.16391503,6.85751400
1.16458203,6.80265400
1.16524903,6.86030800
1.16591603,7.13275100
1.16658303,7.18008600
1.16725003,7.43889800
1.16791703,7.46174400
1.16858403,7.43889800
1.16925103,7.64695600
1.16991803,7.51583500
1.17058503,7.49297700
1.17125203,7.46858900
1.17191903,7.44268800
1.17258603,7.49297700
1.17325303,7.56612400
1.17392003,7.66736500
1.17458703,7.69021200
1.17525403,7.63994900
1.17592103,7.69021200
1.17658803,7.71762800
1.17725503,7.62098400
1.17792203,7.72470700
1.17858903,7.72156000
1.17925603,7.77897500
1.17992303,7.72864000
1.18059003,7.80245700
1.18125703,7.84956700
1.18192403,7.84556900
1.18259103,7.99309900
1.18325803,7.96569300
1.18392503,8.04662000
1.18459203,8.14382600
1.18525903,8.24887800
1.18592603,8.30250500
1.18659303,8.17456200
1.18726003,8.17456200
1.18792703,8.17872700
1.18859403,8.22939400
1.18926103,8.48503000
1.18992803,8.41188400
1.19059503,8.41188400
1.19126203,8.43474200
1.19192903,8.33416500
1.19259603,8.41188400
1.19326303,8.38018200
1.19393003,8.32992100
1.19459703,8.32652500
1.19526403,8.34936200
1.19593103,8.40303000
1.19659803,8.38445300
1.19726503,8.28267900
1.19793203,8.36468500
1.19859903,8.34180600
1.19926603,8.44247400
1.19993303,8.56623700
1.20060003,8.61654700
1.20126703,8.68618400
1.20193403,8.76390200
1.20260103,8.84162000
1.20326803,8.70562600
1.20393503,8.75943900
1.20460203,8.70562600
1.20526903,8.73303100
1.20593603,8.86447900
1.20660303,8.80970200
1.20727003,8.91022800
1.20793703,8.80611000
1.20860403,8.85635300
1.20927103,8.85635300
1.20993803,8.70917600
1.21060503,8.79133300
1.21127203,8.69075600
1.21193903,8.81876200
1.21260603,8.86453300
1.21327303,8.76390200
1.21394003,8.69075600
1.21460703,8.55838700
1.21527403,8.58123500
1.21594103,8.65891400
1.21660803,8.70562600
1.21727503,8.74104400
1.21794203,8.84522300
1.21860903,8.94584200
1.21927603,8.97328300
1.21994303,8.99615100
1.22061003,8.89191000
1.22127703,8.70917600
1.22194403,8.75943900
1.22261103,8.74104400
1.22327803,8.81419100
1.22394503,8.84162000
1.22461203,8.71361400
1.22527903,8.62797800
1.22594603,8.56274800
1.22661303,8.69429700
1.22728003,8.64398800
1.22794703,8.69872400
1.22861403,8.81778200
1.22928103,8.71716500
1.22994803,8.66685600
1.23061503,8.61654700
1.23128203,8.38445300
1.23194903,8.35702300
1.23261603,8.43474200
1.23328303,8.46217200
1.23395003,8.53531900
1.23461703,8.42700900
1.23528403,8.45760100
1.23595103,8.43474200
1.23661803,8.43044600
1.23728503,8.51246100
1.23795203,8.52749400
1.23861903,8.55053700
1.23928603,8.52749400
1.23995303,8.55489800
1.24062003,8.42700900
1.24128703,8.32652500
1.24195403,8.33416500
1.24262103,8.25981000
1.24328803,8.33756200
1.24395503,8.18206000
1.24462203,7.99635800
1.24528903,7.86841600
1.24595603,7.74441900
1.24662303,7.72156000
1.24729003,7.75151900
1.24795703,7.75151900
1.24862403,7.69726600
1.24929103,7.85276600
1.24995803,7.84556900
1.25062503,7.84556900
1.25129203,7.82213800
1.25195903,7.77184900
1.25262603,7.82213800
1.25329303,7.86841600
1.25396003,7.94609500
1.25462703,7.96894100
1.25529403,7.86520900
1.25596103,7.78756100
1.25662803,7.81098300
1.25729503,7.73794000
1.25796203,7.73794000
1.25862903,7.81098300
1.25929603,7.50511700
1.25996303,7.48229100
1.26063003,7.31095600
1.26129703,7.15924500
1.26196403,7.31095600
1.26263103,7.03222600
1.26329803,6.97739400
1.26396503,6.82382200
1.26463203,6.59544800
1.26529903,6.80375800
1.26596603,6.69866300
1.26663303,6.69593200
1.26730003,6.72607900
1.26796703,6.74273600
1.26863403,6.66969300
1.26930103,6.69593200
1.26996803,6.72607900
1.27063503,6.80999900
1.27130203,6.90780200
1.27196903,6.88037200
1.27263603,6.83008400
1.27330303,6.57261100
1.27397003,6.52045900
1.27463703,6.41731600
1.27530403,6.36382800
1.27597103,6.18894200
1.27663803,6.16153700
1.27730503,6.11690200
1.27797203,6.01877700
1.27863903,5.96846800
1.27930603,5.88831800
1.27997303,5.73453100
1.28064003,5.67969900
1.28130703,5.73453100
1.28197403,5.65973500
1.28264103,5.76031200
1.28330803,5.73745300
1.28397503,5.75737800
1.28464203,5.78479300
1.28530903,5.67969900
1.28597603,5.73219300
1.28664303,5.60430400
1.28731003,5.68195100
1.28797703,5.70188000
1.28864403,5.64935800
1.28931103,5.60144700
1.28997803,5.41842600
1.29064503,5.31840700
1.29131203,5.17039300
1.29197903,5.12015000
1.29264603,5.06990900
1.29331303,4.96942300
1.29398003,4.96942300
1.29464703,4.99429700
1.29531403,5.02427200
1.29598103,5.02427200
1.29664803,4.87081900
1.29731503,4.74540000
1.29798203,4.66958300
1.29864903,4.66768100
1.29931603,4.76825800
1.29998303,4.79568800
1.30065003,4.74298300
1.30131703,4.81609200
1.30198403,4.81412900
1.30265103,4.76388600
1.30331803,4.79129200
1.30398503,4.66768100
1.30465203,4.69053900
1.30531903,4.51224400
1.30598603,4.51224400
1.30665303,4.58575500
1.30732003,4.48527000
1.30798703,4.61316000
1.30865403,4.45786500
1.30932103,4.43683700
1.30998803,4.43683700
1.31065503,4.33174100
1.31132203,4.58996200
1.31198903,4.43909700
1.31265603,4.36137900
1.31332303,4.31284700
1.31399003,3.92707000
1.31465703,3.90222300
1.31532403,3.87480700
1.31599103,3.95248500
1.31665803,4.00274800
1.31732503,4.05135900
1.31799203,4.07876400
1.31865903,4.04929400
1.31932603,4.05301100
1.31999303,4.05672900
1.32066003,3.98558000
1.32132703,3.88033500
1.32199403,3.90580200
1.32266103,3.87678100
1.32332803,3.85196000
1.32399503,3.90222300
1.32466203,3.77620400
1.32532903,3.77620400
1.32599603,3.82649200
1.32666303,3.87678100
1.32733003,3.90222300
1.32799703,3.82805200
1.32866403,3.75030200
1.32933103,3.60120700
1.32999803,3.52341800
1.33066503,3.47131600
1.33133203,3.42274900
1.33199903,3.54906600
1.33266603,3.67562700
1.33333303,3.85039000
1.33400003,3.92347000
1.33466703,3.97371200
1.33533403,4.03016500
1.33600103,3.92707000
1.33666803,4.02852200
1.33733503,3.92507000
1.33800203,3.90222300
1.33866903,3.90063200
1.33933603,3.87480700
1.34000303,3.92803700
1.34067003,3.87322700
1.34133703,3.82454300
1.34200403,3.80014700
1.34267103,3.67375500
1.34333803,3.69660200
1.34400503,3.61892300
1.34467203,3.62224300
1.34533903,3.59937500
1.34600603,3.59937500
1.34667303,3.70187600
1.34734003,3.75373800
1.34800703,3.98100400
1.34867403,4.00846000
1.34934103,4.13447900
1.35000803,4.00478800
1.35067503,4.05672900
1.35134203,4.16022500
1.35200903,4.16192000
1.35267603,4.23337200
1.35334303,4.21051400
1.35401003,4.16192000
1.35467703,4.26080200
1.35534403,4.36537700
1.35601103,4.39283200
1.35667803,4.46604600
1.35734503,4.31504300
1.35801203,4.23509700
1.35867903,4.15565300
1.35934603,4.18308400
1.36001303,4.26253800
1.36068003,4.10536500
1.36134703,4.26080200
1.36201403,4.21051400
1.36268103,4.21051400
1.36334803,4.36315600
1.36401503,4.23509700
1.36468203,4.28366000
1.36534903,4.23121500
1.36601603,4.32997600
1.36668303,4.50810800
1.36735003,4.53736200
1.36801703,4.69053900
1.36868403,4.76825800
1.36935103,4.79764200
1.37001803,4.94655300
1.37068503,5.12223800
1.37135203,5.24804000
1.37201903,5.37592900
1.37268603,5.35070600
1.37335303,5.27302600
1.37402003,5.25499600
1.37468703,5.17724600
1.37535403,5.17513700
1.37602103,5.15700200
1.37668803,5.10406900
1.37735503,5.07662900
1.37802203,5.12954700
1.37868903,5.07662900
1.37935603,5.25499600
1.38002303,5.14770700
1.38069003,5.04918700
1.38135703,5.27571300
1.38202403,5.15227800
1.38269103,5.33057400
1.38335803,5.45858000
1.38402503,5.38086200
1.38469203,5.45580000
1.38535903,5.50886900
1.38602603,5.68426800
1.38669303,5.91032600
1.38736003,6.06105200
1.38802703,6.18578700
1.38869403,6.23600400
1.38936103,6.26658900
1.39002803,6.27233900
1.39069503,6.19462100
1.39136203,6.24172900
1.39202903,6.26914500
1.39269603,6.29199100
1.39336303,6.29519700
1.39403003,6.22205100
1.39469703,6.12251000
1.39536403,6.14996500
1.39603103,6.40163900
1.39669803,6.33100000
1.39736503,6.40163900
1.39803203,6.50357200
1.39869903,6.45063400
1.39936603,6.72333800
1.40003303,6.71991000
1.40070003,6.77358000
1.40136703,6.90146900
1.40203403,6.87686800
1.40270103,6.95454600
1.40336803,7.02935900
1.40403503,7.07960200
1.40470203,7.15724800
1.40536903,7.28810900
1.40603603,7.31468100
1.40670303,7.21704400
1.40737003,7.14292900
1.40803703,7.16673500
1.40870403,7.16381600
1.40937103,7.18667400
1.41003803,7.31095600
1.41070503,7.33380200
1.41137203,7.67127200
1.41203903,7.82213800
1.41270603,7.90709800
1.41337303,7.93778400
1.41404003,7.65085000
1.41470703,7.62797100
1.41537403,7.59355300
1.41604103,7.58968500
1.41670803,7.62098400
1.41737503,7.52040700
1.41804203,7.59664700
1.41870903,7.72156000
1.41937603,7.74441900
1.42004303,7.97351100
1.42071003,7.97026000
1.42137703,8.05400200
1.42204403,8.13175200
1.42271103,8.12844000
1.42337803,8.17872700
1.42404503,8.04334100
1.42471203,8.16706400
1.42537903,8.25224100
1.42604603,8.24887800
1.42671303,8.25224100
1.42738003,8.20615900
1.42804703,8.25224100
1.42871403,8.25644600
1.42938103,8.33416500
1.43004803,8.27930500
1.43071503,8.23236900
1.43138203,8.23656100
1.43204903,8.23991400
1.43271603,8.31435100
1.43338303,8.28689600
1.43405003,8.45760100
1.43471703,8.48070900
1.43538403,8.53097200
1.43605103,8.57773700
1.43671803,8.60514100
1.43738503,8.60514100
1.43805203,8.60075400
1.43871903,8.75586800
1.43938603,8.67822100
1.44005303,8.72401400
1.44072003,8.70118800
1.44138703,8.55053700
1.44205403,8.58123500
1.44272103,8.65891400
1.44338803,8.74104400
1.44405503,8.86905100
1.44472203,8.83711800
1.44538903,8.78685600
1.44605603,8.76390200
1.44672303,8.71361400
1.44739003,8.69075600
1.44805703,8.66685600
1.44872403,8.79133300
1.44939103,8.73659200
1.45005803,8.91479700
1.45072503,9.03448500
1.45139203,8.98424300
1.45205903,8.80611000
1.45272603,8.72846300
1.45339303,8.70562600
1.45406003,8.67379700
1.45472703,9.03448500
1.45539403,9.06189000
1.45606103,9.11584900
1.45672803,9.24850000
1.45739503,9.26742600
1.45806203,9.24379000
1.45872903,9.16611100
1.45939603,9.03816900
1.46006303,8.87260600
1.46073003,8.79939300
1.46139703,8.79939300
1.46206403,8.79939300
1.46273103,8.81778200
1.46339803,8.76747300
1.46406503,8.79491500
1.46473203,8.71716500
1.46539903,8.84522300
1.46606603,8.89553300
1.46673303,8.84522300
1.46740003,8.92297500
1.46806703,8.94219800
1.46873403,9.14326400
1.46940103,9.18977900
1.47006803,9.41815300
1.47073503,9.26742600
1.47140203,9.26742600
1.47206903,9.31766900
1.47273603,9.08466100
1.47340303,9.08466100
1.47407003,8.96140500
1.47473703,8.86453300
1.47540403,8.82684700
1.47607103,8.92751700
1.47673803,8.61654700
1.47740503,8.58910700
1.47807203,8.58123500
1.47873903,8.48503000
1.47940603,8.71716500
1.48007303,8.66685600
1.48074003,8.51592900
1.48140703,8.53531900
1.48207403,8.48503000
1.48274103,8.48070900
1.48340803,8.60514100
1.48407503,8.47725200
1.48474203,8.49685200
1.48540903,8.54268600
1.48607603,8.55053700
1.48674303,8.55053700
1.48741003,8.62358000
1.48807703,8.60514100
1.48874403,8.62814500
1.48941103,8.70118800
1.49007803,8.50465700
1.49074503,8.50465700
1.49141203,8.34936200
1.49207903,8.14839300
1.49274603,8.12098800
1.49341303,8.02050300
1.49408003,7.99309900
1.49474703,7.99309900
1.49541403,8.07403700
1.49608103,8.04662000
1.49674803,7.86841600
1.49741503,7.81815400
1.49808203,7.71448200
1.49874903,7.56375500
1.49941603,7.63994900
1.50008303,7.74504400
1.50075003,7.74899100
1.50141703,7.81815400
1.50208403,7.76472400
1.50275103,7.78815600
1.50341803,7.57963000
1.50408503,7.57963000
1.50475203,7.54987300
1.50541903,7.42525100
1.50608603,7.57963000
1.50675303,7.48229100
1.50742003,7.54326500
1.50808703,7.39541200
1.50875403,7.31766200
1.50942103,7.21410400
1.51008803,7.10533500
1.51075503,7.00195400
1.51142203,6.92077700
1.51208903,6.95171200
1.51275603,6.87406400
1.51342303,6.92430700
1.51409003,6.87686800
1.51475703,6.84945200
1.51542403,6.74892600
1.51609103,6.64840100
1.51675803,6.61828500
1.51742503,6.64569000
1.51809203,6.72607900
1.51875903,6.57407000
1.51942603,6.52644000
1.52009303,6.37875800
1.52076003,6.29776300
1.52142703,6.44606300
1.52209403,6.31483800
1.52276103,6.26457500
1.52342803,6.11690200
1.52409503,5.93860700
1.52476203,5.96603700
1.52542903,5.86546000
1.52609603,5.78243500
1.52676303,5.88292000
1.52743003,5.86247300
1.52809703,5.83505700
1.52876403,5.86327600
1.52943103,5.76031200
1.53009803,5.60944700
1.53076503,5.52891000
1.53143203,5.52891000
1.53209903,5.48144000
1.53276603,5.50886900
1.53343303,5.47864800
1.53410003,5.37592900
1.53476703,5.39876700
1.53543403,5.31840700
1.53610103,5.29828200
1.53676803,5.19991700
1.53743503,5.07197600
1.53810203,5.12223800
1.53876903,5.09731300
1.53943603,5.09263600
1.54010303,5.03530600
1.54077003,4.93496400
1.54143703,4.88728700
1.54210403,4.96942300
1.54277103,4.89177600
1.54343803,4.81609200
1.54410503,4.81609200
1.54477203,4.66768100
1.54543903,4.69245100
1.54610603,4.74082800
1.54677303,4.69053900
1.54744003,4.68815000
1.54810703,4.58762500
1.54877403,4.38657300
1.54944103,4.38657300
1.55010803,4.38255000
1.55077503,4.45559300
1.55144203,4.51037500
1.55210903,4.78884900
1.55277603,4.73863300
1.55344303,4.56291700
1.55411003,4.56477800
1.55477703,4.35915800
1.55544403,4.43683700
1.55611103,4.53320000
1.55677803,4.57920900
1.55744503,4.37852600
1.55811203,4.30318600
1.55877903,4.30713800
1.55944603,4.18308400
1.56011303,4.16022500
1.56078003,4.10536500
1.56144703,3.97897900
1.56211403,3.95611100
1.56278103,3.98100400
1.56344803,3.90938100
1.56411503,4.05672900
1.56478203,4.18095300
1.56544903,4.10327400
1.56611603,4.22949100
1.56678303,4.12900600
1.56745003,4.13279500
1.56811703,4.16022500
1.56878403,4.03016500
1.56945103,3.90222300
1.57011803,3.92146900
1.57078503,3.92146900
1.57145203,4.07502100
1.57211903,4.22560900
1.57278603,3.99907700
1.57345303,3.91986900
1.57412003,3.72250000
1.57478703,3.59607600
1.57545403,3.64633900
1.57612103,3.67562700
1.57678803,3.69999300
1.57745504,3.69999300
1.57812204,3.67899700
1.57878904,3.60120700
1.57945604,3.55087300
1.58012304,3.60120700
1.58079004,3.57650700
1.58145704,3.54762000
1.58212404,3.57047900
1.58279104,3.62533900
1.58345804,3.67562700
1.58412504,3.87678100
1.58479204,4.00478800
1.58545904,4.00478800
1.58612604,3.90421100
1.58679304,3.90421100
1.58746004,3.79712800
1.58812704,3.95087400
1.58879404,4.12900600
1.58946104,4.00111700
1.59012804,4.05301100
1.59079504,3.87480700
1.59146204,3.87480700
1.59212904,3.95248500
1.59279604,3.99907700
1.59346304,3.99907700
1.59413004,3.89864300
1.59479704,3.95087400
1.59546404,3.82649200
1.59613104,3.75030200
1.59679804,3.77966600
1.59746504,3.69999300
1.59813204,3.77620400
1.59879904,3.82649200
1.59946604,3.90063200
1.60013304,3.92347000
1.60080004,4.07876400
1.60146704,4.15184400
1.60213404,4.33174100
1.60280104,3.97533200
1.60346804,3.95248500
1.60413504,3.95087400
1.60480204,4.00111700
1.60546904,4.45786500
1.60613604,4.51267500
1.60680304,4.53736200
1.60747004,4.31109000
1.60813704,4.31109000
1.60880404,4.23337200
1.60947104,4.28366000
1.61013804,4.33631000
1.61080504,4.33631000
1.61147204,4.46377400
1.61213904,4.49121500
1.61280604,4.49121500
1.61347304,4.46377400
1.61414004,4.36137900
1.61480704,4.40942000
1.61547404,4.51865600
1.61614104,4.69941600
1.61680804,4.82296400
1.61747504,4.87081900
1.61814204,4.97145000
1.61880904,5.19991700
1.61947604,5.22063500
1.62014304,5.28028500
1.62081004,5.12693700
1.62147704,5.02632000
1.62214404,5.15437800
1.62281104,5.22276400
1.62347804,5.50101300
1.62414504,5.57405600
1.62481204,5.57405600
1.62547904,5.60944700
1.62614604,5.51392000
1.62681304,5.35561400
1.62748004,5.27786400
1.62814704,5.30314400
1.62881404,5.40372100
1.62948104,5.45623200
1.63014804,5.45900900
1.63081504,5.38579600
1.63148204,5.38305500
1.63214904,5.42838500
1.63281604,5.54949400
1.63348304,5.70188000
1.63415004,5.82970500
1.63481704,6.09094000
1.63548404,6.16153700
1.63615104,6.26339400
1.63681804,6.33643700
1.63748504,6.23345900
1.63815204,6.41731600
1.63881904,6.44606300
1.63948604,6.39577500
1.64015304,6.44868900
1.64082004,6.37291600
1.64148704,6.34225400
1.64215404,6.32262800
1.64282104,6.36967000
1.64348804,6.29519700
1.64415504,6.42320400
1.64482204,6.47613000
1.64548904,6.47942800
1.64615604,6.48272500
1.64682304,6.43236400
1.64749004,6.45654900
1.64815704,6.37551300
1.64882404,6.60150000
1.64949104,6.55388100
1.65015804,6.73224900
1.65082504,6.96446900
1.65149204,6.98379400
1.65215904,7.15924500
1.65282604,7.08248900
1.65349304,6.79918900
1.65416004,6.83008400
1.65482704,7.08898500
1.65549404,7.24359800
1.65616104,7.65085000
1.65682804,7.75609500
1.65749504,7.49603000
1.65816204,7.51889800
1.65882904,7.49297700
1.65949604,7.46554700
1.66016304,7.41828100
1.66083004,7.39541200
1.66149704,7.57378100
1.66216404,7.62409000
1.66283104,7.67127200
1.66349804,7.62098400
1.66416504,7.46554700
1.66483204,7.41525800
1.66549904,7.55018100
1.66616604,7.62797100
1.66683304,7.60051500
1.66750004,7.57378100
1.66816704,7.58968500
1.66883404,7.63294100
1.66950104,7.76472400
1.67016804,7.81496700
1.67083504,7.97026000
1.67150204,8.20197900
1.67216904,8.27628200
1.67283604,8.34936200
1.67350304,8.27171500
1.67417004,8.14839300
1.67483704,8.04662000
1.67550404,8.07403700
1.67617104,8.05072100
1.67683804,8.07815100
1.67750504,8.17456200
1.67817204,8.25224100
1.67883904,8.35702300
1.67950604,8.33756200
1.68017304,8.31435100
1.68084004,8.29147100
1.68150704,8.30673500
1.68217404,8.28387600
1.68284104,8.22901600
1.68350804,8.23236900
1.68417504,8.13175200
1.68484204,8.22482500
1.68550904,8.35276700
1.68617604,8.80970200
1.68684304,8.80970200
1.68751004,8.81778200
1.68817704,8.94584200
1.68884404,8.58910700
1.68951104,8.74460600
1.69017804,8.84522300
1.69084504,8.74905800
1.69151204,8.79491500
1.69217904,8.76747300
1.69284604,8.72160300
1.69351304,8.71716500
1.69418004,8.63941500
1.69484704,8.59347900
1.69551404,8.58910700
1.69618104,8.53879700
1.69684804,8.53879700
1.69751504,8.63941500
1.69818204,8.56274800
1.69884904,8.53097200
1.69951604,8.65891400
1.70018304,8.58123500
1.70085004,8.63589600
1.70151704,8.73659200
1.70218404,8.58123500
1.70285104,8.63589600
1.70351804,8.73659200
1.70418504,8.63589600
1.70485204,8.96962700
1.70551904,9.10748700
1.70618604,9.10748700
1.70685304,9.29026400
1.70752004,9.06558500
1.70818704,8.99615100
1.70885404,8.87718200
1.70952104,8.87266500
1.71018804,8.89553300
1.71085504,8.81419100
1.71152204,8.83711800
1.71218904,8.66332500
1.71285604,8.53097200
1.71352304,8.63589600
1.71419004,8.63589600
1.71485704,8.61654700
1.71552404,8.63589600
1.71619104,8.51246100
1.71685804,8.53531900
1.71752504,8.57773700
1.71819204,8.58123500
1.71885904,8.98424300
1.71952604,9.01164700
1.72019304,8.88375800
1.72086004,8.98424300
1.72152704,8.68278900
1.72219404,8.70562600
1.72286104,8.92944600
1.72352804,8.85635300
1.72419504,8.80611000
1.72486204,8.70562600
1.72552904,8.60865000
1.72619604,8.45786200
1.72686304,8.38445300
1.72753004,8.36042900
1.72819704,8.25981000
1.72886404,8.38787000
1.72953104,8.22901600
1.73019804,8.25644600
1.73086504,8.28267900
1.73153204,8.20615900
1.73219904,8.27930500
1.73286604,8.20197900
1.73353304,8.22147200
1.73420004,8.19863500
1.73486704,8.19863500
1.73553404,8.22482500
1.73620104,8.19863500
1.73686804,8.14382600
1.73753504,8.06663100
1.73820204,8.19445600
1.73886904,8.19863500
1.73953604,8.25224100
1.74020304,8.25224100
1.74087004,7.94285600
1.74153704,7.86841600
1.74220404,7.74047500
1.74287104,7.67127200
1.74353804,7.74047500
1.74420504,7.63683400
1.74487204,7.71448200
1.74553904,7.86520900
1.74620604,7.82213800
1.74687304,7.82532500
1.74754004,7.75214800
1.74820704,7.52730100
1.74887404,7.47239100
1.74954104,7.44572100
1.75020804,7.41828100
1.75087504,7.39083900
1.75154204,7.43889800
1.75220904,7.31095600
1.75287604,7.20749000
1.75354304,7.20381600
1.75421004,6.99838400
1.75487704,7.07960200
1.75554404,7.12620900
1.75621104,7.09881800
1.75687804,7.08248900
1.75754504,7.05219600
1.75821204,6.90780200
1.75887904,6.75236500
1.75954604,6.70207600
1.76021304,6.47019600
1.76088004,6.69593200
1.76154704,6.75074200
1.76221404,6.64230300
1.76288104,6.64840100
1.76354804,6.32262800
1.76421504,6.24745500
1.76488204,6.25063500
1.76554904,6.27489500
1.76621604,6.19714500
1.76688304,6.01632500
1.76755004,6.06661400
1.76821704,5.96603700
1.76888404,5.98340500
1.76955104,6.09094000
1.77021804,5.98584600
1.77088504,5.91273600
1.77155204,5.93860700
1.77221904,5.98584600
1.77288604,6.03513600
1.77355304,6.06105200
1.77422004,5.96056700
1.77488704,5.80231400
1.77555404,5.67448900
1.77622104,5.55123000
1.77688804,5.47362300
1.77755504,5.52665700
1.77822204,5.47864800
1.77888904,5.52383900
1.77955604,5.47362300
1.78022304,5.34852500
1.78089004,5.32112000
1.78155704,5.27571300
1.78222404,5.20468700
1.78289104,5.02427200
1.78355804,5.05170200
1.78422504,4.99886600
1.78489204,4.93949900
1.78555904,5.06525600
1.78622604,4.96689000
1.78689304,4.99226000
1.78756004,5.04912900
1.78822704,5.15227800
1.78889404,5.14965400
1.78956104,5.14755500
1.79022804,5.09471500
1.79089504,4.91667300
1.79156204,4.88728700
1.79222904,4.83906600
1.79289604,4.66340200
1.79356304,4.61316000
1.79423004,4.53967400
1.79489704,4.48709900
1.79556404,4.71364400
1.79623104,4.61316000
1.79689804,4.50810800
1.79756504,4.43502800
1.79823204,4.36137900
1.79889904,4.39283200
1.79956604,4.39283200
1.80023304,4.36715400
1.80090004,4.23725300
1.80156704,4.51224400
1.80223404,4.63788800
1.80290104,4.58575500
1.80356804,4.43502800
1.80423504,4.15429200
1.80490204,4.17541400
1.80556904,4.30318600
1.80623604,4.38076200
1.80690304,4.38478500
1.80757004,4.23121500
1.80823704,4.05301100
1.80890404,4.03221800
1.80957104,3.97735800
1.81023804,3.93067000
1.81090504,3.93067000
1.81157204,3.95611100
1.81223904,3.95449900
1.81290604,3.90063200
1.81357304,3.87480700
1.81424004,3.79906300
1.81490704,3.77620400
1.81557404,3.77774300
1.81624104,3.80518400
1.81690804,3.90421100
1.81757504,3.87678100
1.81824204,4.03221800
1.81890904,3.97990200
1.81957604,3.90421100
1.82024304,3.92707000
1.82091004,3.85196000
1.82157704,4.05507700
1.82224404,4.17924800
1.82291104,4.18095300
1.82357804,4.13279500
1.82424504,3.97990200
1.82491204,3.82649200
1.82557904,3.77428100
1.82624604,3.80014700
1.82691304,3.72250000
1.82758004,3.69660200
1.82824704,3.80363400
1.82891404,3.72591600
1.82958104,3.83000100
1.83024804,3.95812500
1.83091504,3.83194900
1.83158204,3.91335800
1.83224904,3.88231000
1.83291604,3.90620000
1.83358304,4.08042700
1.83425004,3.99907700
1.83491704,3.99907700
1.83558404,4.00111700
1.83625104,3.97827900
1.83691804,4.12900600
1.83758504,4.22949100
1.83825204,4.35738000
1.83891904,4.35738000
1.83958604,4.33454300
1.84025304,4.25689600
1.84092004,4.18095300
1.84158704,4.20836900
1.84225404,4.18095300
1.84292104,4.23337200
1.84358804,4.08250700
1.84425504,3.97735800
1.84492204,3.97897900
1.84558904,3.97897900
1.84625604,4.13447900
1.84692304,4.13658400
1.84759004,4.03591500
1.84825704,4.00846000
1.84892404,3.95812500
1.84959104,4.13447900
1.85025804,4.33174100
1.85092504,4.33174100
1.85159204,4.43502800
1.85225904,4.40762200
1.85292604,4.66340200
1.85359304,4.74104900
1.85426004,4.79324500
1.85492704,4.86883400
1.85559404,4.74733400
1.85626104,4.79568800
1.85692804,4.84597600
1.85759504,4.81609200
1.85826204,4.81609200
1.85892904,4.74298300
1.85959604,4.74104900
1.86026304,4.76145800
1.86093004,4.63363400
1.86159704,4.81412900
1.86226404,4.81412900
1.86293104,4.86635400
1.86359804,4.94403400
1.86426504,5.02171300
1.86493204,5.14965400
1.86559904,5.15227800
1.86626604,5.27571300
1.86693304,5.17250200
1.86760004,5.25018000
1.86826704,5.32112000
1.86893404,5.39876700
1.86960104,5.50149400
1.87026804,5.52891000
1.87093504,5.58201600
1.87160204,5.71002300
1.87226904,5.83505700
1.87293604,5.78479300
1.87360304,5.75503100
1.87427004,5.62427300
1.87493704,5.57689900
1.87560404,5.70711500
1.87627104,5.88831800
1.87693804,5.96846800
1.87760504,6.09094000
1.87827204,6.06352400
1.87893904,6.09404400
1.87960604,6.14996500
1.88027304,6.10273500
1.88094004,6.04929600
1.88160704,5.93860700
1.88227404,5.93558200
1.88294104,6.01326100
1.88360804,6.14120300
1.88427504,6.29519700
1.88494204,6.42582200
1.88560904,6.50357200
1.88627604,6.47613000
1.88694304,6.65449900
1.88761004,6.70207600
1.88827704,6.90780200
1.88894404,7.05866700
1.88961104,6.90780200
1.89027804,6.88037200
1.89094504,6.67921800
1.89161204,6.78255800
1.89227904,6.86030800
1.89294604,6.88317600
1.89361304,7.11547300
1.89428004,7.06513900
1.89494704,6.96092600
1.89561404,7.06154300
1.89628104,6.99192500
1.89694804,6.96092600
1.89761504,7.09259400
1.89828204,7.19326300
1.89894904,7.18667400
1.89961604,7.21410400
1.90028304,7.31468100
1.90095004,7.31468100
1.90161704,7.77184900
1.90228404,7.87563400
1.90295104,7.97757400
1.90361804,8.27171500
1.90428504,7.99309900
1.90495204,8.24887800
1.90561904,8.22147200
1.90628604,7.95014400
1.90695304,7.97757400
1.90762004,7.80245700
1.90828704,7.92997800
1.90895404,8.03113400
1.90962104,7.90307500
1.91028804,8.00043300
1.91095504,7.84556900
1.91162204,7.74899100
1.91228904,7.89985600
1.91295604,7.95014400
1.91362304,7.97757400
1.91429004,8.03113400
1.91495704,7.95338400
1.91562404,7.79927800
1.91629104,7.95338400
1.91695804,8.02786300
1.91762504,8.17872700
1.91829204,8.30673500
1.91895904,8.27508800
1.91962604,8.34936200
1.92029304,8.37249700
1.92096004,8.47293000
1.92162704,8.52314700
1.92229404,8.44553900
1.92296104,8.50009000
1.92362804,8.45329300
1.92429504,8.56274800
1.92496204,8.63589600
1.92562904,8.58910700
1.92629604,8.58560800
1.92696304,8.50812500
1.92763004,8.60865000
1.92829704,8.65891400
1.92896404,8.68176000
1.92963104,8.61303700
1.93029804,8.51135500
1.93096504,8.51135500
1.93163204,8.48848800
1.93229904,8.53879700
1.93296604,8.58123500
1.93363304,8.58123500
1.93430004,8.73303100
1.93496704,8.70118800
1.93563404,8.78685600
1.93630104,8.82901200
1.93696804,8.80611000
1.93763504,8.98424300
1.93830204,9.02988000
1.93896904,8.98790600
1.93963604,8.93400000
1.94030304,9.03905200
1.94097004,8.80618600
1.94163704,8.85278900
1.94230404,8.88375800
1.94297104,8.67836200
1.94363804,8.78327400
1.94430504,8.75943900
1.94497204,8.75943900
1.94563904,8.79491500
1.94630604,8.79491500
1.94697304,8.81876200
1.94764004,8.73659200
1.94830704,8.81419100
1.94897404,8.68618400
1.94964104,8.73647300
1.95030804,8.86447900
1.95097504,8.83351500
1.95164204,9.06558500
1.95230904,9.09300100
1.95297604,9.14326400
1.95364304,9.14326400
1.95431004,9.11213200
1.95497704,9.06189000
1.95564404,9.06189000
1.95631104,9.01164700
1.95697804,9.09300100
1.95764504,9.01532200
1.95831204,8.98790600
1.95897904,8.94219800
1.95964604,8.80611000
1.96031304,8.93400000
1.96098004,9.16237400
1.96164704,9.21718400
1.96231404,8.98790600
1.96298104,8.94584200
1.96364804,8.57496000
1.96431504,8.49713100
1.96498204,8.64821100
1.96564904,8.61654700
1.96631604,8.63589600
1.96698304,8.80611000
1.96765004,8.80970200
1.96831704,8.93400000
1.96898404,8.90662000
1.96965104,8.85635300
1.97031804,8.97599900
1.97098504,8.72858000
1.97165204,8.75140400
1.97231904,8.72858000
1.97298604,8.60514100
1.97365304,8.65891400
1.97432004,8.66332500
1.97498704,8.58560800
1.97565404,8.58560800
1.97632104,8.57773700
1.97698804,8.37676600
1.97765504,8.37676600
1.97832204,8.19863500
1.97898904,8.12430000
1.97965604,8.25224100
1.98032304,8.22482500
1.98099004,8.35276700
1.98165704,8.30250500
1.98232404,8.14423900
1.98299104,7.96619700
1.98365804,7.92001900
1.98432504,7.89261300
1.98499204,8.02377400
1.98565904,8.07403700
1.98632604,8.07074500
1.98699304,8.04334100
1.98766004,7.99309900
1.98832704,8.02050300
1.98899404,8.04334100
1.98966104,8.04334100
1.99032804,7.99309900
1.99099504,7.94285600
1.99166204,7.79530600
1.99232904,7.72156000
1.99299604,7.67127200
1.99366304,7.62409000
1.99433004,7.54326500
1.99499704,7.53942300
1.99566404,7.39240000
1.99633104,7.26069300
1.99699804,7.23327700
1.99766504,7.16381600
1.99833204,7.10533500
1.99899904,7.13275100
1.99966604,7.00837900
2.00033304,7.05219600
2.00100004,7.10243900
2.00166704,7.08248900
2.00233404,7.10243900
2.00300104,6.87406400
2.00366804,6.87686800
2.00433504,6.77012700
2.00500204,6.81756100
2.00566904,6.89795100
2.00633604,6.81756100
2.00700304,6.84037700
2.00767004,6.82034400
2.00833704,6.73998400
2.00900404,6.66969300
2.00967104,6.44472100
2.01033804,6.34225400
2.01100504,6.29199100
2.01167204,6.23918400
2.01233904,6.23918400
2.01300604,6.05796200
2.01367304,5.96056700
2.01434004,5.88292000
2.01500704,5.80527400
2.01567404,5.75503100
2.01634104,5.75737800
2.01700804,5.73219300
2.01767504,5.73219300
2.01834204,5.65166400
2.01900904,5.64647500
2.01967604,5.54613400
2.02034304,5.51876700
2.02101004,5.52383900
2.02167704,5.39601500
2.02234404,5.47641400
2.02301104,5.47864800
2.02367804,5.45123100
2.02434504,5.45400900
2.02501204,5.25285500
2.02567904,5.17250200
2.02634604,5.12223800
2.02701304,5.04455900
2.02768004,5.12223800
2.02834705,5.02427200
2.02901405,5.07662900
2.02968105,4.89826000
2.03034805,4.77262900
2.03101505,4.77262900
2.03168205,4.69245100
2.03234905,4.66958300
2.03301605,4.64214200
2.03368305,4.66768100
2.03435005,4.66530400
2.03501705,4.79129200
2.03568405,4.86189100
2.03635105,4.78884900
2.03701805,4.74104900
2.03768505,4.66530400
2.03835205,4.66530400
2.03901905,4.74082800
2.03968605,4.71556600
2.04035305,4.63599700
2.04102005,4.50580900
2.04168705,4.47886800
2.04235405,4.32379500
2.04302105,4.35515900
2.04368805,4.22949100
2.04435505,4.33631000
2.04502205,4.33852000
2.04568905,4.30889500
2.04635605,4.35915800
2.04702305,4.05301100
2.04769005,4.05135900
2.04835705,3.97625100
2.04902405,3.89864300
2.04969105,3.92146900
2.05035805,3.91986900
2.05102505,4.02646800
2.05169205,4.12521700
2.05235905,4.17541400
2.05302605,4.27755100
2.05369305,4.22733400
2.05436005,4.22949100
2.05502705,4.22733400
2.05569405,4.10160200
2.05636105,4.10160200
2.05702805,4.08042700
2.05769505,4.08417000
2.05836205,4.08250700
2.05902905,3.93324400
2.05969605,3.80518400
2.06036305,3.77620400
2.06103005,3.67712500
2.06169705,3.72591600
2.06236405,3.69660200
2.06303105,3.52296700
2.06369805,3.57323000
2.06436505,3.57505100
2.06503205,3.64968400
2.06569905,3.59790900
2.06636605,3.69660200
2.06703305,3.67038600
2.06770005,3.82103600
2.06836705,3.97625100
2.06903405,3.97827900
2.06970105,4.05507700
2.07036805,3.85196000
2.07103505,3.82649200
2.07170205,3.74686500
2.07236905,3.77274200
2.07303605,3.95087400
2.07370305,3.87480700
2.07437005,3.90222300
2.07503705,3.90222300
2.07570405,3.82454300
2.07637105,3.92803700
2.07703805,3.95087400
2.07770505,3.97827900
2.07837205,4.00274800
2.07903905,3.95248500
2.07970605,3.92707000
2.08037305,3.77774300
2.08104005,3.67712500
2.08170705,3.75487500
2.08237405,3.80363400
2.08304105,3.87480700
2.08370805,3.87322700
2.08437505,3.87480700
2.08504205,3.92707000
2.08570905,3.95449900
2.08637605,4.10993700
2.08704305,4.13069000
2.08771005,4.07876400
2.08837705,4.15184400
2.08904405,4.10160200
2.08971105,4.15184400
2.09037805,4.18308400
2.09104505,4.15734700
2.09171205,4.21222900
2.09237905,4.13447900
2.09304605,4.00478800
2.09371305,4.10327400
2.09438005,4.15353700
2.09504705,4.33174100
2.09571405,4.61504100
2.09638105,4.51224400
2.09704805,4.36137900
2.09771505,4.28758700
2.09838205,4.16192000
2.09904905,4.18308400
2.09971605,4.33571500
2.10038305,4.33174100
2.10105005,4.43683700
2.10171705,4.48527000
2.10238405,4.51267500
2.10305105,4.58341700
2.10371805,4.53320000
2.10438505,4.71124100
2.10505205,4.65674500
2.10571905,4.70931900
2.10638605,4.81167500
2.10705305,4.66530400
2.10772005,4.79111600
2.10838705,4.82051000
2.10905405,4.82051000
2.10972105,4.94655300
2.11038805,4.99887800
2.11105505,5.02632000
2.11172205,5.12484800
2.11238905,5.20468700
2.11305605,5.10209200
2.11372305,5.15504800
2.11439005,5.05638400
2.11505705,5.05432800
2.11572405,5.17988200
2.11639105,5.12693700
2.11705805,5.25285500
2.11772505,5.28028500
2.11839205,5.35343200
2.11905905,5.53172800
2.11972605,5.58201600
2.12039305,5.60944700
2.12106005,5.55632600
2.12172705,5.60658900
2.12239405,5.63230500
2.12306105,5.71525800
2.12372805,5.92358300
2.12439505,5.89071800
2.12506205,5.86785000
2.12572905,5.83267800
2.12639605,5.83267800
2.12706305,5.80764100
2.12773005,5.93316300
2.12839705,6.04067700
2.12906405,6.03821400
2.12973105,6.03821400
2.13039805,5.93558200
2.13106505,6.01632500
2.13173205,6.11939500
2.13239905,6.30096900
2.13306605,6.45326300
2.13373305,6.52378100
2.13440005,6.62555300
2.13506705,6.67581700
2.13573405,6.80265400
2.13640105,6.80265400
2.13706805,6.64840100
2.13773505,6.61828500
2.13840205,6.61491100
2.13906905,6.64569000
2.13973605,6.79918900
2.14040305,6.98094900
2.14107005,6.98094900
2.14173705,6.97739400
2.14240405,6.93066100
2.14307105,6.82660500
2.14373805,6.86030800
2.14440505,6.98836800
2.14507205,7.09259400
2.14573905,7.11909400
2.14640605,7.22071800
2.14707305,7.14292900
2.14774005,7.16381600
2.14840705,7.26069300
2.14907405,7.26069300
2.14974105,7.41525800
2.15040805,7.41828100
2.15107505,7.47696700
2.15174205,7.37172200
2.15240905,7.49603000
2.15307605,7.59355300
2.15374305,7.51657600
2.15441005,7.66423900
2.15507705,7.58968500
2.15574405,7.61710300
2.15641105,7.81815400
2.15707805,7.84956700
2.15774505,8.00043300
2.15841205,8.08144300
2.15907905,7.98082400
2.15974605,8.03113400
2.16041305,7.84956700
2.16108005,7.79530600
2.16174705,7.77184900
2.16241405,7.80245700
2.16308105,7.75151900
2.16374805,7.70118400
2.16441505,7.90709800
2.16508205,7.95743300
2.16574905,7.98488800
2.16641605,8.13920400
2.16708305,7.98813800
2.16775005,8.10843700
2.16841705,8.30673500
2.16908405,8.33416500
2.16975105,8.39960500
2.17041805,8.41927600
2.17108505,8.55489800
2.17175205,8.60075400
2.17241905,8.70562600
2.17308605,8.61303700
2.17375305,8.48503000
2.17442005,8.53531900
2.17508705,8.46562000
2.17575405,8.38445300
2.17642105,8.65891400
2.17708805,8.58910700
2.17775505,8.66685600
2.17842205,9.02818600
2.17908905,8.67479800
2.17975605,8.58910700
2.18042305,8.66685600
2.18109005,8.27930500
2.18175705,8.38445300
2.18242405,8.48503000
2.18309105,8.40303000
2.18375805,8.65891400
2.18442505,8.70562600
2.18509205,8.73303100
2.18575905,8.83711800
2.18642605,8.98790600
2.18709305,8.93764400
2.18776005,9.03816900
2.18842705,8.93764400
2.18909405,8.83711800
2.18976105,8.93764400
2.19042805,8.81419100
2.19109505,8.96505900
2.19176205,8.80970200
2.19242905,8.78685600
2.19309605,8.86092000
2.19376305,8.70562600
2.19443005,8.78685600
2.19509705,8.79133300
2.19576405,8.68633000
2.19643105,8.58123500
2.19709805,8.45441400
2.19776505,8.39532300
2.19843205,8.48070900
2.19909905,8.51246100
2.19976605,8.53531900
2.20043305,8.58910700
2.20110005,8.55838700
2.20176705,8.73303100
2.20243405,8.70562600
2.20310105,8.67836200
2.20376805,8.80618600
2.20443505,8.72858000
2.20510205,8.88375800
2.20576905,8.80611000
2.20643605,8.70917600
2.20710305,8.63606600
2.20777005,8.55489800
2.20843705,8.63254500
2.20910405,8.63254500
2.20977105,8.65891400
2.21043805,8.61303700
2.21110505,8.43817900
2.21177205,8.36468500
2.21243905,8.48848800
2.21310605,8.40303000
2.21377305,8.47725200
2.21444005,8.45441400
2.21510705,8.40417200
2.21577405,8.35276700
2.21644105,8.27965700
2.21710805,8.32652500
2.21777505,8.27171500
2.21844205,8.39960500
2.21910905,8.55489800
2.21977605,8.45329300
2.22044305,8.43044600
2.22111005,8.38445300
2.22177705,8.25644600
2.22244405,8.30250500
2.22311105,8.17872700
2.22377805,8.14839300
2.22444505,8.19863500
2.22511205,8.14839300
2.22577905,8.07074500
2.22644605,8.05857500
2.22711305,7.95743300
2.22778005,7.85676400
2.22844705,7.77501600
2.22911405,7.69021200
2.22978105,7.52040700
2.23044805,7.51657600
2.23111505,7.56684000
2.23178205,7.49297700
2.23244905,7.63683400
2.23311605,7.69021200
2.23378305,7.86841600
2.23445005,7.81496700
2.23511705,7.84237100
2.23578405,7.76472400
2.23645105,7.56375500
2.23711805,7.61399700
2.23778505,7.48229100
2.23845205,7.48229100
2.23911905,7.57963000
2.23978605,7.52559200
2.24045305,7.52943400
2.24112005,7.47923800
2.24178705,7.30797500
2.24245405,7.23327700
2.24312105,7.15559800
2.24378805,7.00480900
2.24445505,6.85122700
2.24512205,6.90146900
2.24578905,6.87406400
2.24645605,6.80098400
2.24712305,6.87686800
2.24779005,6.74617500
2.24845705,6.72607900
2.24912405,6.77634200
2.24979105,6.69593200
2.25045805,6.70207600
2.25112505,6.92430700
2.25179205,6.95171200
2.25245905,6.95171200
2.25312605,6.77012700
2.25379305,6.54186900
2.25446005,6.41404400
2.25512705,6.41731600
2.25579405,6.39447900
2.25646105,6.24172900
2.25712805,6.14120300
2.25779505,6.01081000
2.25846205,6.08845700
2.25912905,5.93316300
2.25979605,5.96056700
2.26046305,5.93013800
2.26113005,5.85253000
2.26179705,5.90731200
2.26246405,5.78243500
2.26313105,5.68716500
2.26379805,5.58201600
2.26446505,5.48144000
2.26513205,5.45580000
2.26579905,5.42617200
2.26646605,5.39876700
2.26713305,5.29558100
2.26780005,5.32080000
2.26846705,5.34361600
2.26913405,5.44400800
2.26980105,5.52383900
2.27046805,5.62714100
2.27113505,5.57405600
2.27180205,5.47641400
2.27246905,5.44900900
2.27313605,5.29828200
2.27380305,5.25285500
2.27447005,5.27571300
2.27513705,5.12484800
2.27580405,4.99887800
2.27647105,4.84597600
2.27713805,4.68623900
2.27780505,4.73841300
2.27847205,4.68815000
2.27913905,4.74540000
2.27980605,4.56896500
2.28047305,4.52095700
2.28114005,4.41346500
2.28180705,4.41166700
2.28247405,4.54152400
2.28314105,4.46195600
2.28380805,4.61739300
2.28447505,4.66530400
2.28514205,4.81412900
2.28580905,5.03787600
2.28647605,4.93748300
2.28714305,4.86189100
2.28781005,4.68623900
2.28847705,4.53551200
2.28914405,4.56291700
2.28981105,4.50810800
2.29047805,4.50580900
2.29114505,4.43502800
2.29181205,4.30713800
2.29247905,4.20836900
2.29314605,3.97990200
2.29381305,3.90421100
2.29448005,3.72591600
2.29514705,3.74686500
2.29581405,3.87678100
2.29648105,3.77428100
2.29714805,3.90222300
2.29781505,3.82298400
2.29848205,3.77274200
2.29914905,3.77274200
2.29981605,3.82103600
2.30048305,3.85196000
2.30115005,3.80014700
2.30181705,3.79821000
2.30248405,3.72401800
2.30315105,3.85039000
2.30381805,3.92507000
2.30448505,4.03221800
2.30515205,4.05301100
2.30581905,4.00111700
2.30648605,4.07668400
2.30715305,3.97371200
2.30782005,3.97168600
2.30848705,3.77274200
2.30915405,3.61744800
2.30982105,3.59277800
2.31048805,3.59461000
2.31115505,3.72401800
2.31182205,3.67562700
2.31248905,3.64968400
2.31315605,3.54906600
2.31382305,3.46990200
2.31449005,3.54581400
2.31515705,3.59461000
2.31582405,3.59607600
2.31649105,3.59607600
2.31715805,3.69509500
2.31782505,3.69509500
2.31849205,3.49234500
2.31915905,3.51696300
2.31982605,3.44528800
2.32049305,3.77428100
2.32116005,4.18308400
2.32182705,4.17924800
2.32249405,4.17924800
2.32316105,3.92347000
2.32382805,3.87322700
2.32449505,3.87480700
2.32516205,3.85196000
2.32582905,3.79906300
2.32649605,3.79712800
2.32716305,3.85196000
2.32783005,3.92707000
2.32849705,3.97990200
2.32916405,3.95449900
2.32983105,3.92867000
2.33049805,3.87480700
2.33116505,3.87480700
2.33183205,3.87678100
2.33249905,3.87480700
2.33316605,3.92707000
2.33383305,4.03386100
2.33450005,4.13069000
2.33516705,4.22949100
2.33583405,4.25863200
2.33650105,4.23121500
2.33716805,4.30889500
2.33783505,4.46195600
2.33850205,4.63788800
2.33916905,4.81412900
2.33983605,4.89377100
2.34050305,4.86437100
2.34117005,4.76583000
2.34183705,4.76583000
2.34250405,4.63788800
2.34317105,4.69053900
2.34383805,4.64025100
2.34450505,4.51408300
2.34517205,4.59183300
2.34583905,4.64639600
2.34650605,4.57129100
2.34717305,4.56896500
2.34784005,4.66958300
2.34850705,4.61504100
2.34917405,4.81854700
2.34984105,4.87081900
2.35050805,4.81854700
2.35117505,4.74540000
2.35184205,4.79324500
2.35250905,4.91918100
2.35317605,4.92118700
2.35384305,4.92118700
2.35451005,5.07456100
2.35517705,5.07456100
2.35584405,5.20256700
2.35651105,5.35561400
2.35717805,5.27786400
2.35784505,5.35561400
2.35851205,5.40592300
2.35917905,5.68259300
2.35984605,5.73745300
2.36051305,5.76265900
2.36118005,5.73745300
2.36184705,5.60658900
2.36251405,5.52665700
2.36318105,5.39601500
2.36384805,5.39601500
2.36451505,5.42838500
2.36518205,5.55915800
2.36584905,5.76031200
2.36651605,5.83803000
2.36718305,5.83505700
2.36785005,5.86008300
2.36851705,5.83505700
2.36918405,5.91273600
2.36985105,5.91273600
2.37051805,5.96603700
2.37118505,6.19462100
2.37185205,6.24745500
2.37251905,6.34548600
2.37318605,6.44278000
2.37385305,6.36967000
2.37452005,6.41731600
2.37518705,6.41993300
2.37585405,6.37551300
2.37652105,6.45326300
2.37718805,6.45326300
2.37785505,6.55721800
2.37852205,6.65178800
2.37918905,6.72950700
2.37985605,6.70480800
2.38052305,6.72950700
2.38119005,6.85573500
2.38185705,6.88037200
2.38252405,6.93066100
2.38319105,7.05866700
2.38385805,6.95809000
2.38452505,6.86030800
2.38519205,6.98379400
2.38585905,7.18667400
2.38652605,7.33081200
2.38719305,7.40846100
2.38786005,7.43207500
2.38852705,7.25773300
2.38919405,7.41148200
2.38986105,7.53635000
2.39052805,7.58659200
2.39119505,7.58659200
2.39186205,7.50894500
2.39252905,7.51200700
2.39319605,7.54326500
2.39386305,7.46858900
2.39453005,7.50289900
2.39519705,7.60360900
2.39586405,7.47543300
2.39653105,7.57306100
2.39719805,7.51889800
2.39786505,7.46858900
2.39853205,7.59664700
2.39919905,7.70118400
2.39986605,7.83249600
2.40053305,7.92997800
2.40120005,8.00776800
2.40186705,8.00776800
2.40253405,8.07403700
2.40320105,7.97351100
2.40386805,7.94285600
2.40453505,8.11684800
2.40520205,8.06663100
2.40586905,8.24467200
2.40653605,8.24467200
2.40720305,8.11684800
2.40787005,8.22147200
2.40853705,8.19863500
2.40920405,8.32652500
2.40987105,8.44553900
2.41053805,8.34936200
2.41120505,8.40303000
2.41187205,8.50788900
2.41253905,8.46104600
2.41320605,8.48848800
2.41387305,8.53531900
2.41454005,8.40731200
2.41520705,8.40731200
2.41587405,8.48503000
2.41654105,8.45760100
2.41720805,8.55838700
2.41787505,8.60865000
2.41854205,8.83711800
2.41920905,8.84162000
2.41987605,8.96962700
2.42054305,9.04277400
2.42121005,8.80611000
2.42187705,8.88375800
2.42254405,8.88738100
2.42321105,8.86447900
2.42387805,8.92297500
2.42454505,8.86905100
2.42521205,8.68633000
2.42587905,8.63254500
2.42654605,8.60865000
2.42721305,8.60865000
2.42788005,8.73659200
2.42854705,8.79133300
2.42921405,8.86453300
2.42988105,8.91933900
2.43054805,8.91479700
2.43121505,8.93400000
2.43188205,8.93764400
2.43254905,8.83711800
2.43321605,8.80970200
2.43388305,8.73659200
2.43455005,8.75586800
2.43521705,8.77879600
2.43588405,8.80970200
2.43655105,8.93764400
2.43721805,8.93764400
2.43788505,9.11584900
2.43855205,9.13953600
2.43921905,9.21261700
2.43988605,9.21261700
2.44055305,8.97966300
2.44122005,8.97966300
2.44188705,8.77879600
2.44255405,8.79802900
2.44322105,8.93400000
2.44388805,8.93400000
2.44455505,9.09763500
2.44522205,9.05106500
2.44588905,8.98241900
2.44655605,8.93569400
2.44722305,8.80297500
2.44789005,8.77193600
2.44855705,8.76390200
2.44922405,8.75943900
2.44989105,8.75586800
2.45055805,8.70562600
2.45122505,8.88738100
2.45189205,8.96505900
2.45255905,8.91022800
2.45322605,8.96505900
2.45389305,8.75140400
2.45456005,8.70118800
2.45522705,8.85640300
2.45589405,8.90662000
2.45656105,8.98790600
2.45722805,9.06189000
2.45789505,9.06558500
2.45856205,8.96962700
2.45922905,8.93400000
2.45989605,8.75943900
2.46056305,8.58123500
2.46123005,8.63254500
2.46189705,8.53531900
2.46256405,8.53531900
2.46323105,8.38445300
2.46389805,8.20950200
2.46456505,8.22901600
2.46523205,8.17872700
2.46589905,8.29912000
2.46656605,8.24467200
2.46723305,8.14423900
2.46790005,8.19863500
2.46856705,8.33416500
2.46923405,8.43474200
2.46990105,8.46217200
2.47056805,8.39960500
2.47123505,8.32228000
2.47190205,8.29488900
2.47256905,8.31771500
2.47323605,8.30250500
2.47390305,8.12430000
2.47457005,8.15171600
2.47523705,8.10145300
2.47590405,7.92001900
2.47657105,7.92001900
2.47723805,7.76472400
2.47790505,7.76789100
2.47857205,7.89583300
2.47923906,7.81815400
2.47990606,7.84956700
2.48057306,7.84556900
2.48124006,7.77184900
2.48190706,7.75214800
2.48257406,7.74899100
2.48324106,7.64695600
2.48390806,7.74899100
2.48457506,7.86841600
2.48524206,7.79530600
2.48590906,7.79212900
2.48657606,7.61710300
2.48724306,7.51583500
2.48791006,7.44268800
2.48857706,7.41525800
2.48924406,7.41148200
2.48991106,7.33164100
2.49057806,7.27389000
2.49124506,7.22369300
2.49191206,7.20087600
2.49257906,7.20381600
2.49324606,7.15360000
2.49391306,7.02290900
2.49458006,6.96814900
2.49524706,6.71991000
2.49591406,6.67309500
2.49658106,6.57407000
2.49724806,6.39838100
2.49791506,6.34807200
2.49858206,6.32520400
2.49924906,6.32262800
2.49991606,6.41993300
2.50058306,6.51780100
2.50125006,6.31226400
2.50191706,6.28942600
2.50258406,6.14120300
2.50325106,5.98340500
2.50391806,6.16153700
2.50458506,6.14120300
2.50525206,6.11129400
2.50591906,6.24491000
2.50658606,6.14120300
2.50725306,6.03610800
2.50792006,6.06352400
2.50858706,6.01081000
2.50925406,5.91273600
2.50992106,5.88531900
2.51058806,5.65685300
2.51125506,5.52891000
2.51192206,5.52891000
2.51258906,5.42617200
2.51325606,5.45123100
2.51392306,5.25018000
2.51459006,5.14508500
2.51525706,5.09741900
2.51592406,4.99429700
2.51659106,5.07197600
2.51725806,5.12015000
2.51792506,5.09471500
2.51859206,5.14755500
2.51925906,5.17039300
2.51992606,5.02171300
2.52059306,4.89377100
2.52126006,4.94403400
2.52192706,4.91661800
2.52259406,4.89377100
2.52326106,4.94403400
2.52392806,4.71556600
2.52459506,4.69272000
2.52526206,4.71556600
2.52592906,4.76583000
2.52659606,4.81609200
2.52726306,4.71556600
2.52793006,4.71556600
2.52859706,4.56710400
2.52926406,4.35915800
2.52993106,4.33571500
2.53059806,4.13658400
2.53126506,4.15734700
2.53193206,4.26253800
2.53259906,4.23337200
2.53326606,4.26080200
2.53393306,3.97735800
2.53460006,4.13279500
2.53526706,4.07876400
2.53593406,4.15184400
2.53660106,4.35738000
2.53726806,4.20380000
2.53793506,4.26080200
2.53860206,4.33174100
2.53926906,4.43909700
2.53993606,4.43683700
2.54060306,4.33394900
2.54127006,4.08417000
2.54193706,4.03386100
2.54260406,4.00642000
2.54327106,3.95449900
2.54393806,4.08250700
2.54460506,4.00274800
2.54527206,3.92707000
2.54593906,3.97897900
2.54660606,3.90421100
2.54727306,3.90421100
2.54794006,3.82649200
2.54860706,3.80363400
2.54927406,3.75334500
2.54994106,3.72591600
2.55060806,3.85392300
2.55127506,3.87480700
2.55194206,3.90222300
2.55260906,3.74686500
2.55327606,3.74686500
2.55394306,3.82454300
2.55461006,3.80518400
2.55527706,4.03221800
2.55594406,4.03016500
2.55661106,3.92507000
2.55727806,4.05135900
2.55794506,3.98193000
2.55861206,4.00478800
2.55927906,3.92707000
2.55994606,3.87480700
2.56061306,3.80014700
2.56128006,3.67038600
2.56194706,3.77081900
2.56261406,3.67225800
2.56328106,3.69660200
2.56394806,3.72743400
2.56461506,3.65154200
2.56528206,3.67899700
2.56594906,3.72743400
2.56661606,3.77774300
2.56728306,3.82649200
2.56795006,3.97990200
2.56861706,4.00274800
2.56928406,3.94886000
2.56995106,3.92347000
2.57061806,3.69660200
2.57128506,3.82649200
2.57195206,3.92867000
2.57261906,3.92867000
2.57328606,4.15353700
2.57395306,4.02852200
2.57462006,3.97990200
2.57528706,4.00111700
2.57595406,3.92963900
2.57662106,3.85196000
2.57728806,4.22949100
2.57795506,4.23337200
2.57862206,4.23337200
2.57928906,4.21051400
2.57995606,3.80363400
2.58062306,3.85039000
2.58129006,3.77274200
2.58195706,3.85196000
2.58262406,3.85549400
2.58329106,3.80518400
2.58395806,3.95611100
2.58462506,4.10536500
2.58529206,4.30713800
2.58595906,4.45559300
2.58662606,4.45786500
2.58729306,4.51451500
2.58796006,4.51267500
2.58862706,4.48709900
2.58929406,4.56477800
2.58996106,4.48527000
2.59062806,4.53967400
2.59129506,4.64025100
2.59196206,4.76583000
2.59262906,4.81609200
2.59329606,4.84350800
2.59396306,4.81854700
2.59463006,4.66768100
2.59529706,4.71796900
2.59596406,4.66958300
2.59663106,4.69053900
2.59729806,4.69483900
2.59796506,4.72229500
2.59863206,4.82051000
2.59929906,4.82296400
2.59996606,4.99684100
2.60063306,5.09949600
2.60130006,5.22755500
2.60196706,5.43115100
2.60263406,5.45623200
2.60330106,5.25499600
2.60396806,5.14770700
2.60463506,5.17724600
2.60530206,5.12484800
2.60596906,5.32600200
2.60663606,5.32600200
2.60730306,5.32600200
2.60797006,5.37355300
2.60863706,5.47864800
2.60930406,5.53172800
2.60997106,5.47864800
2.61063806,5.53172800
2.61130506,5.52891000
2.61197206,5.52891000
2.61263906,5.61173200
2.61330606,5.69237900
2.61397306,5.74271300
2.61464006,5.71525800
2.61530706,5.76265900
2.61597406,5.73521800
2.61664106,5.76559300
2.61730806,5.99133600
2.61797506,5.96603700
2.61864206,6.09094000
2.61930906,6.16153700
2.61997606,6.06105200
2.62064306,6.11129400
2.62131006,6.21888200
2.62197706,6.29519700
2.62264406,6.45063400
2.62331106,6.50092300
2.62397806,6.49761200
2.62464506,6.49761200
2.62531206,6.49761200
2.62597906,6.57407000
2.62664606,6.55388100
2.62731306,6.55388100
2.62798006,6.65788700
2.62864706,6.65788700
2.62931406,6.73567600
2.62998106,6.73567600
2.63064806,6.83634600
2.63131506,6.85751400
2.63198206,6.90780200
2.63264906,7.03580900
2.63331606,7.00480900
2.63398306,7.16580800
2.63465006,7.16216200
2.63531706,7.26439200
2.63598406,7.21410400
2.63665106,7.13275100
2.63731806,7.21043000
2.63798506,7.26069300
2.63865206,7.38863500
2.63931906,7.51583500
2.63998606,7.54633900
2.64065306,7.34052900
2.64132006,7.34052900
2.64198706,7.41525800
2.64265406,7.40846100
2.64332106,7.53942300
2.64398806,7.54326500
2.64465506,7.46174400
2.64532206,7.59355300
2.64598906,7.66736500
2.64665606,7.74047500
2.64732306,7.79927800
2.64799006,7.77501600
2.64865706,7.77501600
2.64932406,7.69413000
2.64999106,7.84956700
2.65065806,7.76789100
2.65132506,7.92324800
2.65199206,7.84556900
2.65265906,7.66423900
2.65332606,7.76789100
2.65399306,7.66736500
2.65466006,7.84956700
2.65532706,8.13175200
2.65599406,8.20950200
2.65666106,8.26738000
2.65732806,8.26401600
2.65799506,8.18206000
2.65866206,8.12844000
2.65932906,8.07403700
2.65999606,8.19863500
2.66066306,8.04334100
2.66133006,8.07815100
2.66199706,8.17872700
2.66266406,8.19039200
2.66333106,8.29569100
2.66399806,8.22901600
2.66466506,8.09688400
2.66533206,8.02050300
2.66599906,8.04334100
2.66666606,8.12430000
2.66733306,8.29912000
2.66800006,8.50032100
2.66866706,8.44553900
2.66933406,8.50032100
2.67000106,8.47725200
2.67066806,8.42700900
2.67133506,8.57773700
2.67200206,8.78685600
2.67266906,8.83351500
2.67333606,8.83351500
2.67400306,8.80970200
2.67467006,8.63149700
2.67533706,8.58910700
2.67600406,8.69414800
2.67667106,8.87260600
2.67733806,8.87260600
2.67800506,8.90006200
2.67867206,8.79939300
2.67933906,8.63941500
2.68000606,8.71361400
2.68067306,8.71716500
2.68134006,8.74905800
2.68200706,8.72604100
2.68267406,8.72604100
2.68334106,8.81778200
2.68400806,8.81419100
2.68467506,8.86905100
2.68534206,8.89191000
2.68600906,8.84522300
2.68667606,8.94219800
2.68734306,8.91479700
2.68801006,8.99247600
2.68867706,9.06189000
2.68934406,9.06189000
2.69001106,9.02988000
2.69067806,8.97966300
2.69134506,8.93400000
2.69201206,8.75586800
2.69267906,8.68633000
2.69334606,8.60865000
2.69401306,8.60514100
2.69468006,8.58580400
2.69534706,8.64046700
2.69601406,8.53531900
2.69668106,8.49280900
2.69734806,8.48848800
2.69801506,8.46562000
2.69868206,8.53879700
2.69934906,8.50812500
2.70001606,8.53097200
2.70068306,8.44984600
2.70135006,8.68633000
2.70201706,8.71361400
2.70268406,8.81419100
2.70335106,8.93764400
2.70401806,8.62797800
2.70468506,8.67836200
2.70535206,8.65097100
2.70601906,8.58230400
2.70668606,8.53097200
2.70735306,8.42700900
2.70802006,8.32992100
2.70868706,8.35276700
2.70935406,8.38018200
2.71002106,8.33756200
2.71068806,8.30673500
2.71135506,8.36042900
2.71202206,8.25981000
2.71268906,8.20615900
2.71335606,8.23236900
2.71402306,7.93051600
2.71469006,7.85276600
2.71535706,7.80245700
2.71602406,7.69726600
2.71669106,7.77184900
2.71735806,7.81815400
2.71802506,7.82213800
2.71869206,7.92728600
2.71935906,7.97757400
2.72002606,8.00043300
2.72069306,7.94285600
2.72136006,7.97026000
2.72202706,7.97026000
2.72269406,7.92001900
2.72336106,7.86520900
2.72402806,7.63294100
2.72469506,7.55989900
2.72536206,7.56375500
2.72602906,7.64384200
2.72669606,7.57069500
2.72736306,7.52040700
2.72803006,7.46174400
2.72869706,7.36497000
2.72936406,7.37172200
2.73003106,7.29393200
2.73069806,7.27105300
2.73136506,7.26735300
2.73203206,7.10533500
2.73269906,7.13275100
2.73336606,7.05866700
2.73403306,6.90146900
2.73470006,7.00195400
2.73536706,7.00195400
2.73603406,7.05219600
2.73670106,7.18301400
2.73736806,6.90780200
2.73803506,6.90428400
2.73870206,6.85122700
2.73936906,6.80098400
2.74003606,6.87056000
2.74070306,6.67309500
2.74137006,6.49165200
2.74203706,6.26083900
2.74270406,6.46426100
2.74337106,6.31103500
2.74403806,6.54520600
2.74470506,6.52045900
2.74537206,6.33966900
2.74603906,6.39577500
2.74670606,6.11378700
2.74737306,6.11378700
2.74804006,5.96299800
2.74870706,5.88531900
2.74937406,5.86327600
2.75004106,5.78552600
2.75070806,5.81592800
2.75137506,5.99133600
2.75204206,5.93558200
2.75270906,5.98584600
2.75337606,5.95752900
2.75404306,5.70188000
2.75471006,5.82732500
2.75537706,5.72693300
2.75604406,5.65454700
2.75671106,5.62197700
2.75737806,5.44623100
2.75804506,5.32297300
2.75871206,5.26604000
2.75937906,5.25018000
2.76004606,5.12223800
2.76071306,5.14755500
2.76138006,5.09731300
2.76204706,5.04449700
2.76271406,4.99226000
2.76338106,4.84597600
2.76404806,4.82296400
2.76471506,4.82296400
2.76538206,4.84795100
2.76604906,4.94856900
2.76671606,4.86893800
2.76738306,4.79129200
2.76805006,4.71556600
2.76871706,4.66340200
2.76938406,4.69272000
2.77005106,4.84350800
2.77071806,4.81412900
2.77138506,4.96942300
2.77205206,5.01966600
2.77271906,4.91210800
2.77338606,5.01710700
2.77405306,4.89177600
2.77472006,4.84153400
2.77538706,4.66530400
2.77605406,4.63788800
2.77672106,4.48709900
2.77738806,4.45786500
2.77805506,4.08042700
2.77872206,4.03221800
2.77938906,3.95248500
2.78005606,3.85745600
2.78072306,4.13279500
2.78139006,4.00478800
2.78205706,4.05507700
2.78272406,4.07876400
2.78339106,4.10327400
2.78405806,4.07876400
2.78472506,3.95248500
2.78539206,3.95248500
2.78605906,4.10536500
2.78672606,4.16192000
2.78739306,4.30889500
2.78806006,4.38657300
2.78872706,4.33233300
2.78939406,4.33056500
2.79006106,4.12521700
2.79072806,3.89705300
2.79139506,3.82298400
2.79206206,3.77274200
2.79272906,3.92707000
2.79339606,4.05301100
2.79406306,4.00274800
2.79473006,3.97533200
2.79539706,3.92347000
2.79606406,3.85392300
2.79673106,3.74686500
2.79739806,3.69848600
2.79806506,3.64819700
2.79873206,3.54762000
2.79939906,3.62681600
2.80006606,3.62681600
2.80073306,3.72743400
2.80140006,3.79906300
2.80206706,3.82454300
2.80273406,3.54436800
2.80340106,3.46672100
2.80406806,3.49412600
2.80473506,3.62201500
2.80540206,3.94886000
2.80606906,3.97625100
2.80673606,3.99907700
2.80740306,3.89864300
2.80807006,3.85039000
2.80873706,3.77428100
2.80940406,3.75143400
2.81007106,3.72591600
2.81073806,3.52019000
2.81140506,3.56866000
2.81207206,3.54581400
2.81273906,3.54436800
2.81340606,3.74686500
2.81407306,3.72591600
2.81474006,3.69999300
2.81540706,3.72743400
2.81607406,3.77774300
2.81674106,3.90779100
2.81740806,3.98558000
2.81807506,3.90779100
2.81874206,4.00846000
2.81940906,4.00478800
2.82007606,4.05301100
2.82074306,4.20380000
2.82141006,4.23121500
2.82207706,4.20208600
2.82274406,4.17924800
2.82341106,4.20836900
2.82407806,4.09951100
2.82474506,4.08042700
2.82541206,4.08250700
2.82607906,4.08042700
2.82674606,4.13447900
2.82741306,3.98558000
2.82808006,3.95812500
2.82874706,3.95973600
2.82941406,4.05879400
2.83008106,4.26253800
2.83074806,4.36315600
2.83141506,4.41346500
2.83208206,4.33571500
2.83274906,4.41166700
2.83341606,4.53736200
2.83408306,4.56291700
2.83475006,4.63788800
2.83541706,4.61504100
2.83608406,4.53967400
2.83675106,4.54152400
2.83741806,4.49121500
2.83808506,4.79764200
2.83875206,4.84795100
2.83941906,4.94856900
2.84008606,5.02632000
2.84075306,4.92570100
2.84142006,5.07662900
2.84208706,5.04713000
2.84275406,5.04713000
2.84342106,5.22755500
2.84408806,5.12484800
2.84475506,5.12484800
2.84542206,5.09939200
2.84608906,4.89377100
2.84675606,4.89626500
2.84742306,4.87340600
2.84809006,5.02427200
2.84875706,5.04713000
2.84942406,5.15227800
2.85009106,5.38086200
2.85075806,5.45623200
2.85142506,5.61173200
2.85209206,5.65973500
2.85275906,5.60944700
2.85342606,5.55915800
2.85409306,5.62714100
2.85476006,5.73453100
2.85542706,5.83803000
2.85609406,5.96603700
2.85676106,5.83803000
2.85742806,5.78479300
2.85809506,5.82970500
2.85876206,5.78243500
2.85942906,5.91574900
2.86009606,5.98889500
2.86076306,6.01877700
2.86143006,6.11690200
2.86209706,6.14683600
2.86276406,6.17427700
2.86343106,6.12251000
2.86409806,6.09963100
2.86476506,6.16970300
2.86543206,6.32642300
2.86609906,6.30353400
2.86676606,6.43171000
2.86743306,6.47942800
2.86810006,6.45326300
2.86876706,6.63163100
2.86943406,6.75236500
2.87010106,6.75511600
2.87076806,6.75511600
2.87143506,6.85751400
2.87210206,6.82660500
2.87276906,6.87056000
2.87343606,6.99838400
2.87410306,7.02935900
2.87477006,6.98094900
2.87543706,7.11185300
2.87610406,7.11185300
2.87677106,7.11185300
2.87743806,7.16673500
2.87810506,7.17038400
2.87877206,7.21704400
2.87943906,7.21410400
2.88010606,7.23696300
2.88077306,7.28725100
2.88144006,7.29022100
2.88210706,7.42205700
2.88277406,7.57378100
2.88344106,7.62797100
2.88410806,7.67439800
2.88477506,7.70183900
2.88544206,7.77897500
2.88610906,7.77501600
2.88677606,7.80245700
2.88744306,7.80245700
2.88811006,7.89985600
2.88877706,7.97351100
2.88944406,7.98082400
2.89011106,8.02786300
2.89077806,8.00043300
2.89144506,7.92271400
2.89211206,8.12098800
2.89277906,8.19863500
2.89344606,8.20197900
2.89411306,8.32959400
2.89478006,8.21368200
2.89544706,8.13920400
2.89611406,8.13920400
2.89678106,8.05810200
2.89744806,8.05400200
2.89811506,8.08144300
2.89878206,8.02786300
2.89944906,8.15919300
2.90011606,8.23358700
2.90078306,8.38018200
2.90145006,8.46217200
2.90211706,8.48503000
2.90278406,8.58560800
2.90345106,8.55838700
2.90411806,8.60865000
2.90478506,8.65538300
2.90545206,8.58123500
2.90611906,8.65891400
2.90678606,8.60865000
2.90745306,8.63606600
2.90812006,8.73303100
2.90878706,8.69075600
2.90945406,8.75943900
2.91012106,8.58123500
2.91078806,8.70917600
2.91145506,8.85635300
2.91212206,8.81419100
2.91278906,8.97785100
2.91345606,8.72160300
2.91412306,8.47423900
2.91479006,8.53879700
2.91545706,8.50812500
2.91612406,8.53531900
2.91679106,8.71361400
2.91745806,8.74104400
2.91812506,8.81419100
2.91879206,8.96962700
2.91945906,8.96962700
2.92012606,9.01991600
2.92079306,8.98790600
2.92146006,8.98424300
2.92212706,8.98424300
2.92279406,8.98790600
2.92346106,8.96962700
2.92412806,8.94219800
2.92479506,8.94219800
2.92546206,8.96505900
2.92612906,9.03816900
2.92679606,9.07020500
2.92746306,8.96962700
2.92813006,8.91840100
2.92879706,8.84972700
2.92946407,8.77193600
2.93013107,8.84522300
2.93079807,8.79491500
2.93146507,8.92297500
2.93213207,8.96962700
2.93279907,9.07020500
2.93346607,9.14792300
2.93413307,9.07020500
2.93480007,9.09306300
2.93546707,9.01991600
2.93613407,9.01532200
2.93680107,8.98424300
2.93746807,8.97966300
2.93813507,9.00705300
2.93880207,9.05727000
2.93946907,9.08009600
2.94013607,8.96140500
2.94080307,8.93400000
2.94147007,8.88375800
2.94213707,8.93764400
2.94280407,8.81778200
2.94347107,8.58910700
2.94413807,8.56623700
2.94480507,8.38787000
2.94547207,8.55838700
2.94613907,8.69075600
2.94680607,8.58910700
2.94747307,8.61303700
2.94814007,8.48503000
2.94880707,8.38445300
2.94947407,8.38018200
2.95014107,8.43044600
2.95080807,8.46217200
2.95147507,8.73659200
2.95214207,8.78685600
2.95280907,8.75943900
2.95347607,8.70917600
2.95414307,8.68633000
2.95481007,8.73659200
2.95547707,8.78327400
2.95614407,8.85640300
2.95681107,8.57336400
2.95747807,8.42700900
2.95814507,8.28387600
2.95881207,8.17872700
2.95947907,8.28387600
2.96014607,8.32992100
2.96081307,8.24887800
2.96148007,8.38018200
2.96214707,8.32959400
2.96281407,8.23236900
2.96348107,8.23236900
2.96414807,8.13175200
2.96481507,8.05400200
2.96548207,8.05072100
2.96614907,8.12844000
2.96681607,8.09358300
2.96748307,8.09358300
2.96815007,8.12098800
2.96881707,8.02050300
2.96948407,7.91867900
2.97015107,7.97351100
2.97081807,7.86841600
2.97148507,7.99635800
2.97215207,7.99635800
2.97281907,7.96619700
2.97348607,7.88859000
2.97415307,7.73794000
2.97482007,7.67610400
2.97548707,7.55225100
2.97615407,7.55918700
2.97682107,7.45870300
2.97748807,7.46858900
2.97815507,7.34052900
2.97882207,7.26439200
2.97948907,7.28725100
2.98015607,7.26069300
2.98082307,7.28354000
2.98149007,7.33081200
2.98215707,7.20749000
2.98282407,7.12984400
2.98349107,7.18008600
2.98415807,7.05219600
2.98482507,7.04860100
2.98549207,7.20381600
2.98615907,7.15360000
2.98682607,7.07599300
2.98749307,7.07599300
2.98816007,6.92430700
2.98882707,6.82034400
2.98949407,6.79751800
2.99016107,6.66969300
2.99082807,6.48900300
2.99149507,6.33643700
2.99216207,6.20861200
2.99282907,6.21177900
2.99349607,6.06352400
2.99416307,5.95842900
2.99483007,5.93316300
2.99549707,5.80764100
2.99616407,5.80764100
2.99683107,5.76031200
2.99749807,5.76265900
2.99816507,5.63460000
2.99883207,5.50606300
2.99949907,5.55632600
3.00016607,5.55406100
3.00083307,5.55406100
3.00150007,5.62943600
3.00216707,5.52665700
3.00283407,5.35070600
3.00350107,5.34852500
3.00416807,5.32297300
3.00483507,5.45357600
3.00550207,5.45580000
3.00616907,5.37592900
3.00683607,5.30044300
3.00750307,5.14755500
3.00817007,4.98971600
3.00883707,5.01966600
3.00950407,4.99429700
3.01017107,4.91918100
3.01083807,4.94201900
3.01150507,4.76388600
3.01217207,4.76145800
3.01283907,4.66530400
3.01350607,4.58996200
3.01417307,4.69053900
3.01484007,4.51224400
3.01550707,4.43683700
3.01617407,4.55835000
3.01684107,4.48527000
3.01750807,4.58575500
3.01817507,4.71364400
3.01884207,4.56291700
3.01950907,4.58341700
3.02017607,4.71364400
3.02084307,4.74298300
3.02151007,4.79129200
3.02217707,4.76583000
3.02284407,4.56477800
3.02351107,4.40537500
3.02417807,4.40762200
3.02484507,4.25863200
3.02551207,4.15184400
3.02617907,4.30889500
3.02684607,4.30889500
3.02751307,4.38478500
3.02818007,4.38478500
3.02884707,4.12900600
3.02951407,3.90063200
3.03018107,3.85196000
3.03084807,3.85196000
3.03151507,3.87480700
3.03218207,4.00274800
3.03284907,4.03016500
3.03351607,4.10327400
3.03418307,4.07876400
3.03485007,4.02852200
3.03551707,3.99907700
3.03618407,3.94886000
3.03685107,3.95087400
3.03751807,4.00111700
3.03818507,3.94886000
3.03885207,3.94886000
3.03951907,3.92146900
3.04018607,3.87125300
3.04085307,3.95087400
3.04152007,3.82454300
3.04218707,3.87480700
3.04285407,3.90222300
3.04352107,3.77274200
3.04418807,3.80014700
3.04485507,3.97827900
3.04552207,3.87322700
3.04618907,3.82454300
3.04685607,3.75143400
3.04752307,3.44704300
3.04819007,3.47308300
3.04885707,3.62556200
3.04952407,3.62556200
3.05019107,3.70338300
3.05085807,3.72933200
3.05152507,3.57375200
3.05219207,3.72933200
3.05285907,3.74877400
3.05352607,3.77274200
3.05419307,3.90063200
3.05486007,3.97462800
3.05552707,4.02646800
3.05619407,4.08042700
3.05686107,4.03016500
3.05752807,4.00478800
3.05819507,3.90580200
3.05886207,3.85392300
3.05952907,3.95087400
3.06019607,3.77428100
3.06086307,4.03016500
3.06153007,4.00478800
3.06219707,3.87836100
3.06286407,3.95611100
3.06353107,3.72743400
3.06419807,3.77774300
3.06486507,3.77966600
3.06553207,3.83000100
3.06619907,3.85745600
3.06686607,3.77774300
3.06753307,3.82649200
3.06820007,3.82454300
3.06886707,3.95087400
3.06953407,3.90063200
3.07020107,4.00274800
3.07086807,4.05301100
3.07153507,3.97990200
3.07220207,4.10160200
3.07286907,4.15184400
3.07353607,4.17924800
3.07420307,4.23337200
3.07487007,4.28366000
3.07553707,4.26080200
3.07620407,4.31109000
3.07687107,4.35915800
3.07753807,4.33174100
3.07820507,4.43502800
3.07887207,4.36137900
3.07953907,4.31109000
3.08020607,4.38825700
3.08087307,4.39004300
3.08154007,4.44316700
3.08220707,4.49533100
3.08287407,4.46786500
3.08354107,4.49533100
3.08420807,4.51638100
3.08487507,4.51224400
3.08554207,4.91912300
3.08620907,4.96942300
3.08687607,5.07197600
3.08754307,5.30314400
3.08821007,4.99429700
3.08887707,4.94655300
3.08954407,4.94403400
3.09021107,4.91210800
3.09087807,4.96232500
3.09154507,5.01710700
3.09221207,5.01710700
3.09287907,4.94403400
3.09354607,4.74276000
3.09421307,4.82296400
3.09488007,5.02887800
3.09554707,5.12693700
3.09621407,5.27571300
3.09688107,5.14770700
3.09754807,5.04918700
3.09821507,5.07662900
3.09888207,5.38086200
3.09954907,5.60944700
3.10021607,5.70711500
3.10088307,5.73745300
3.10155007,5.61173200
3.10221707,5.57917300
3.10288407,5.62714100
3.10355107,5.72927100
3.10421807,5.90731200
3.10488507,5.91032600
3.10555207,5.91273600
3.10621907,5.98584600
3.10688607,6.06105200
3.10755307,6.11378700
3.10822007,6.14120300
3.10888707,6.06352400
3.10955407,5.91273600
3.11022107,5.96056700
3.11088807,5.93013800
3.11155507,5.95752900
3.11222207,6.05796200
3.11288907,6.01081000
3.11355607,5.98584600
3.11422307,6.01326100
3.11489007,6.11690200
3.11555707,6.21888200
3.11622407,6.39708700
3.11689107,6.49761200
3.11755807,6.39447900
3.11822507,6.46755800
3.11889207,6.44472100
3.11955907,6.49496400
3.12022607,6.54787500
3.12089307,6.70207600
3.12156007,6.86030800
3.12222707,6.96730500
3.12289407,7.11547300
3.12356107,7.15924500
3.12422807,7.21043000
3.12489507,7.25773300
3.12556207,7.26069300
3.12622907,7.13638600
3.12689607,7.13929400
3.12756307,7.08898500
3.12823007,6.98552100
3.12889707,7.08898500
3.12956407,7.03867600
3.13023107,7.01480400
3.13089807,7.22071800
3.13156507,7.13929400
3.13223207,7.21704400
3.13289907,7.36497000
3.13356607,7.39541200
3.13423307,7.70118400
3.13490007,7.72470700
3.13556707,7.74441900
3.13623407,7.62098400
3.13690107,7.46174400
3.13756807,7.59355300
3.13823507,7.67439800
3.13890207,7.97757400
3.13956907,8.10100900
3.14023607,8.20197900
3.14090307,8.17456200
3.14157007,8.09688400
3.14223707,7.86841600
3.14290407,7.77184900
3.14357107,7.72156000
3.14423807,7.67439800
3.14490507,7.80245700
3.14557207,7.82532500
3.14623907,7.77501600
3.14690607,7.82532500
3.14757307,7.83249600
3.14824007,7.78214100
3.14890707,7.98488800
3.14957407,8.03522200
3.15024107,8.10888400
3.15090807,8.17872700
3.15157507,8.23656100
3.15224207,8.31012000
3.15290907,8.53879700
3.15357607,8.51246100
3.15424307,8.52749400
3.15491007,8.55838700
3.15557707,8.45329300
3.15624407,8.68618400
3.15691107,8.63589600
3.15757807,8.58560800
3.15824507,8.58560800
3.15891207,8.38445300
3.15957907,8.38787000
3.16024607,8.33416500
3.16091307,8.32992100
3.16158007,8.45329300
3.16224707,8.52749400
3.16291407,8.51246100
3.16358107,8.53879700
3.16424807,8.51246100
3.16491507,8.44247400
3.16558207,8.58560800
3.16624907,8.58560800
3.16691607,8.61654700
3.16758307,8.73647300
3.16825007,8.76747300
3.16891707,8.73659200
3.16958407,8.76390200
3.17025107,8.73659200
3.17091807,8.78685600
3.17158507,8.89191000
3.17225207,8.88738100
3.17291907,8.83351500
3.17358607,8.75140400
3.17425307,8.72858000
3.17492007,8.70562600
3.17558707,8.66332500
3.17625407,8.64381300
3.17692107,8.62093400
3.17758807,8.64838900
3.17825507,8.82684700
3.17892207,8.76400900
3.17958907,8.60865000
3.18025607,8.55489800
3.18092307,8.45441400
3.18159007,8.58123500
3.18225707,8.74104400
3.18292407,8.74104400
3.18359107,8.83711800
3.18425807,8.73659200
3.18492507,8.73303100
3.18559207,8.75943900
3.18625907,8.65538300
3.18692607,8.68278900
3.18759307,8.70562600
3.18826007,8.73303100
3.18892707,8.70917600
3.18959407,8.86453300
3.19026107,8.80970200
3.19092807,8.75586800
3.19159507,8.73659200
3.19226207,8.53097200
3.19292907,8.70917600
3.19359607,8.48503000
3.19426307,8.38445300
3.19493007,8.33416500
3.19559707,8.13175200
3.19626407,8.23236900
3.19693107,8.28387600
3.19759807,8.34180600
3.19826507,8.31858200
3.19893207,8.38872300
3.19959907,8.36128000
3.20026607,8.40731200
3.20093307,8.37676600
3.20160007,8.53097200
3.20226707,8.58560800
3.20293407,8.53097200
3.20360107,8.48070900
3.20426807,8.35276700
3.20493507,8.37676600
3.20560207,8.42271300
3.20626907,8.46947300
3.20693607,8.29150400
3.20760307,8.14423900
3.20827007,7.99309900
3.20893707,7.92271400
3.20960407,8.05400200
3.21027107,8.03113400
3.21093807,7.98082400
3.21160507,7.91867900
3.21227207,7.68707700
3.21293907,7.50511700
3.21360607,7.48229100
3.21427307,7.38863500
3.21494007,7.31095600
3.21560707,7.33538100
3.21627407,7.33164100
3.21694107,7.32864900
3.21760807,7.50661800
3.21827507,7.60701000
3.21894207,7.60701000
3.21960907,7.60312900
3.22027607,7.54987300
3.22094307,7.47542100
3.22161007,7.43207500
3.22227707,7.43207500
3.22294407,7.32707500
3.22361107,7.32707500
3.22427807,7.25107300
3.22494507,7.17642500
3.22561207,7.18008600
3.22627907,7.20586100
3.22694607,7.10533500
3.22761307,6.65178800
3.22828007,6.44868900
3.22894707,6.29519700
3.22961407,6.14120300
3.23028107,6.38991200
3.23094807,6.46755800
3.23161507,6.47019600
3.23228207,6.52644000
3.23294907,6.60419000
3.23361607,6.42320400
3.23428307,6.41993300
3.23495007,6.33643700
3.23561707,6.23600400
3.23628407,6.36382800
3.23695107,6.20861200
3.23761807,6.26658900
3.23828507,6.29199100
3.23895207,6.16405000
3.23961907,6.13870000
3.24028607,6.10817900
3.24095307,6.10817900
3.24162007,6.08845700
3.24228707,6.01326100
3.24295407,5.91815900
3.24362107,5.75737800
3.24428807,5.67969900
3.24495507,5.63230500
3.24562207,5.55632600
3.24628907,5.40372100
3.24695607,5.25285500
3.24762307,5.19779700
3.24829007,5.14965400
3.24895707,5.07197600
3.24962407,5.22276400
3.25029107,5.30314400
3.25095807,5.30314400
3.25162507,5.45400900
3.25229207,5.35070600
3.25295907,5.17039300
3.25362607,5.16775700
3.25429307,5.09471500
3.25496007,5.06732400
3.25562707,5.09939200
3.25629407,5.01966600
3.25696107,5.01966600
3.25762807,5.01966600
3.25829507,4.89177600
3.25896207,4.92118700
3.25962907,4.84350800
3.26029607,4.81609200
3.26096307,4.76388600
3.26163007,4.63788800
3.26229707,4.58762500
3.26296407,4.43683700
3.26363107,4.38657300
3.26429807,4.38657300
3.26496507,4.28147800
3.26563207,4.28147800
3.26629907,4.36137900
3.26696607,4.45968300
3.26763307,4.53736200
3.26830007,4.30889500
3.26896707,4.15184400
3.26963407,3.99907700
3.27030107,4.12690100
3.27096807,4.40537500
3.27163507,4.45559300
3.27230207,4.50580900
3.27296907,4.30713800
3.27363607,4.20208600
3.27430307,4.32997600
3.27497007,4.30889500
3.27563707,4.33631000
3.27630407,4.26253800
3.27697107,4.21437400
3.27763807,4.08791300
3.27830507,4.06044700
3.27897207,4.13658400
3.27963907,3.87836100
3.28030607,3.87836100
3.28097307,3.87836100
3.28164007,3.67712500
3.28230707,3.80518400
3.28297407,3.69848600
3.28364107,3.67375500
3.28430807,3.77274200
3.28497507,3.80014700
3.28564207,3.87322700
3.28630907,3.82103600
3.28697607,3.87125300
3.28764307,3.89864300
3.28831007,3.92443200
3.28897707,3.99744500
3.28964407,3.99744500
3.29031107,3.86967300
3.29097807,3.80014700
3.29164507,3.72401800
3.29231207,3.67562700
3.29297907,3.69999300
3.29364607,3.67562700
3.29431307,3.62533900
3.29498007,3.69848600
3.29564707,3.64819700
3.29631407,3.67712500
3.29698107,3.65154200
3.29764807,3.55087300
3.29831507,3.59937500
3.29898207,3.64968400
3.29964907,3.59937500
3.30031607,3.67712500
3.30098307,3.80061100
3.30165007,3.82649200
3.30231707,3.95248500
3.30298407,3.57323000
3.30365107,3.46813500
3.30431807,3.51839700
3.30498507,3.59607600
3.30565207,4.02559500
3.30631907,4.13069000
3.30698607,4.08042700
3.30765307,4.05301100
3.30832007,4.03016500
3.30898707,4.03221800
3.30965407,4.10536500
3.31032107,4.13279500
3.31098807,4.15734700
3.31165507,4.18478800
3.31232207,4.13658400
3.31298907,4.05879400
3.31365607,4.00478800
3.31432307,3.90421100
3.31499007,3.90421100
3.31565707,4.03221800
3.31632407,4.08417000
3.31699107,4.23337200
3.31765807,4.23337200
3.31832507,4.15565300
3.31899207,4.10536500
3.31965907,4.10536500
3.32032607,4.28366000
3.32099307,4.39059700
3.32166007,4.48938600
3.32232707,4.56710400
3.32299407,4.51224400
3.32366107,4.48709900
3.32432807,4.66530400
3.32499507,4.66768100
3.32566207,4.74298300
3.32632907,4.84597600
3.32699607,4.71796900
3.32766307,4.56253200
3.32833007,4.56439200
3.32899707,4.54152400
3.32966407,4.54383600
3.33033107,4.69483900
3.33099807,4.67196000
3.33166507,4.74733400
3.33233207,4.79764200
3.33299907,4.84795100
3.33366607,5.05170200
3.33433307,5.10199000
3.33500007,5.22276400
3.33566707,4.94201900
3.33633407,4.92118700
3.33700107,4.99429700
3.33766807,4.97145000
3.33833507,5.25018000
3.33900207,5.22276400
3.33966907,5.22542600
3.34033607,5.30314400
3.34100307,5.48367300
3.34167007,5.55915800
3.34233707,5.56142300
3.34300407,5.53679900
3.34367107,5.50934400
3.34433807,5.53905300
3.34500507,5.53398200
3.34567207,5.71525800
3.34633907,5.66204200
3.34700607,5.68948200
3.34767307,5.69237900
3.34834007,5.61458900
3.34900707,5.74505100
3.34967407,5.81296800
3.35034107,5.96846800
3.35100807,6.11690200
3.35167507,6.19462100
3.35234207,6.25318000
3.35300907,6.29776300
3.35367607,6.29519700
3.35434307,6.46755800
3.35501007,6.51182000
3.35567707,6.62285200
3.35634407,6.77358000
3.35701107,6.74892600
3.35767807,6.77634200
3.35834507,6.72333800
3.35901207,6.59813700
3.35967907,6.67921800
3.36034607,6.73567600
3.36101307,6.71095200
3.36168007,6.73841800
3.36234707,6.63313000
3.36301407,6.52644000
3.36368107,6.65178800
3.36434807,6.80265400
3.36501507,6.90428400
3.36568207,7.00837900
3.36634907,6.98379400
3.36701607,7.01123500
3.36768307,7.16216200
3.36835007,7.18667400
3.36901707,7.23032900
3.36968407,7.30797500
3.37035107,7.25773300
3.37101807,7.53635000
3.37168507,7.71762800
3.37235207,7.74504400
3.37301907,7.74899100
3.37368607,7.63994900
3.37435307,7.66736500
3.37502007,7.69021200
3.37568707,7.68707700
3.37635407,7.66736500
3.37702107,7.72470700
3.37768807,7.64384200
3.37835507,7.52272600
3.37902207,7.65085000
3.37968907,7.41525800
3.38035608,7.44572100
3.38102308,7.64384200
3.38169008,7.54633900
3.38235708,7.74757500
3.38302408,7.92594300
3.38369108,8.00043300
3.38435808,8.45760100
3.38502508,8.48503000
3.38569208,8.48070900
3.38635908,8.64046700
3.38702608,8.25224100
3.38769308,8.48070900
3.38836008,8.45760100
3.38902708,8.34936200
3.38969408,8.47725200
3.39036108,8.29912000
3.39102808,8.37676600
3.39169508,8.44247400
3.39236208,8.39555600
3.39302908,8.50058800
3.39369608,8.64733100
3.39436308,8.66685600
3.39503008,8.63589600
3.39569708,8.65891400
3.39636408,8.56274800
3.39703108,8.48503000
3.39769808,8.61654700
3.39836508,8.51592900
3.39903208,8.48848800
3.39969908,8.46104600
3.40036608,8.48848800
3.40103308,8.72160300
3.40170008,8.63941500
3.40236708,8.84162000
3.40303408,9.14326400
3.40370108,9.03816900
3.40436808,9.32621900
3.40503508,9.24850000
3.40570208,8.96962700
3.40636908,8.94219800
3.40703608,8.78685600
3.40770308,8.79133300
3.40837008,8.81876200
3.40903708,8.81427100
3.40970408,8.81876200
3.41037108,8.86905100
3.41103808,8.81876200
3.41170508,8.89553300
3.41237208,8.82227100
3.41303908,8.82227100
3.41370608,8.77193600
3.41437308,8.79491500
3.41504008,8.89553300
3.41570708,8.94584200
3.41637408,9.15630900
3.41704108,9.08221600
3.41770808,9.15165000
3.41837508,9.01991600
3.41904208,9.06558500
3.41970908,9.14326400
3.42037608,9.17078200
3.42104308,9.29405300
3.42171008,9.32621900
3.42237708,9.27593000
3.42304408,9.22107000
3.42371108,9.27985900
3.42437808,9.22482800
3.42504508,9.27593000
3.42571208,9.14326400
3.42637908,9.04273800
3.42704608,9.09763500
3.42771308,9.07390100
3.42838008,9.17452000
3.42904708,9.27513700
3.42971408,8.97328300
3.43038108,8.89553300
3.43104808,8.84522300
3.43171508,8.71361400
3.43238208,8.69075600
3.43304908,8.64046700
3.43371608,8.64046700
3.43438308,8.74460600
3.43505008,8.84972700
3.43571708,8.92297500
3.43638408,8.94584200
3.43705108,8.81876200
3.43771808,8.81067800
3.43838508,8.88375800
3.43905208,8.95683600
3.43971908,9.00705300
3.44038608,9.03444400
3.44105308,8.87923000
3.44172008,8.78327400
3.44238708,8.65891400
3.44305408,8.60865000
3.44372108,8.71361400
3.44438808,8.79133300
3.44505508,8.84162000
3.44572208,8.71361400
3.44638908,8.58123500
3.44705608,8.43474200
3.44772308,8.33416500
3.44839008,8.36042900
3.44905708,8.23236900
3.44972408,8.22901600
3.45039108,8.14714700
3.45105808,8.19863500
3.45172508,8.39960500
3.45239208,8.45329300
3.45305908,8.47725200
3.45372608,8.47725200
3.45439308,8.29488900
3.45506008,8.16373200
3.45572708,8.19111200
3.45639408,8.05922500
3.45706108,8.00905400
3.45772808,8.05922500
3.45839508,8.11353600
3.45906208,8.11684800
3.45972908,7.99309900
3.46039608,7.93880700
3.46106308,7.76472400
3.46173008,7.69164400
3.46239708,7.74188700
3.46306408,7.52040700
3.46373108,7.51351200
3.46439808,7.50968200
3.46506508,7.40846100
3.46573208,7.45870300
3.46639908,7.41148200
3.46706608,7.31468100
3.46773308,7.46174400
3.46840008,7.25773300
3.46906708,7.20749000
3.46973408,7.20749000
3.47040108,6.95171200
3.47106808,7.15360000
3.47173508,7.09881800
3.47240208,7.07310500
3.47306908,7.14611800
3.47373608,6.96814900
3.47440308,6.93895300
3.47507008,6.84494000
3.47573708,6.58939600
3.47640408,6.59208600
3.47707108,6.52378100
3.47773808,6.70207600
3.47840508,6.86030800
3.47907208,6.75511600
3.47973908,6.57407000
3.48040608,6.27233900
3.48107308,6.16405000
3.48174008,6.06352400
3.48240708,6.14120300
3.48307408,6.14120300
3.48374108,6.06352400
3.48440808,6.04067700
3.48507508,6.01326100
3.48574208,5.93316300
3.48640908,5.75503100
3.48707608,5.78243500
3.48774308,5.72927100
3.48841008,5.75209700
3.48907708,5.85014200
3.48974408,5.72401100
3.49041108,5.69955300
3.49107808,5.54896500
3.49174508,5.50381900
3.49241208,5.47864800
3.49307908,5.37812200
3.49374608,5.35343200
3.49441308,5.32817300
3.49508008,5.28055000
3.49574708,5.23234600
3.49641408,5.13163500
3.49708108,5.04918700
3.49774808,4.94655300
3.49841508,4.86883400
3.49908208,4.86635400
3.49974908,4.97145000
3.50041608,5.07197600
3.50108308,5.11754000
3.50175008,5.21797400
3.50241708,5.03993300
3.50308408,5.03787600
3.50375108,4.88928300
3.50441808,4.81167500
3.50508508,4.91466700
3.50575208,4.80971100
3.50641908,4.83709100
3.50708608,4.86645600
3.50775308,4.71364400
3.50842008,4.66768100
3.50908708,4.69053900
3.50975408,4.51224400
3.51042108,4.61927400
3.51108808,4.56710400
3.51175508,4.41346500
3.51242208,4.46195600
3.51308908,4.26080200
3.51375608,4.26080200
3.51442308,4.26253800
3.51509008,4.08624900
3.51575708,4.10703800
3.51642408,3.95449900
3.51709108,4.05135900
3.51775808,4.19823000
3.51842508,4.09951100
3.51909208,4.18095300
3.51975908,4.10160200
3.52042608,3.87480700
3.52109308,4.07876400
3.52176008,4.27755100
3.52242708,4.35738000
3.52309408,4.50580900
3.52376108,4.40357800
3.52442808,4.27580500
3.52509508,4.09951100
3.52576208,4.05135900
3.52642908,3.95248500
3.52709608,3.90222300
3.52776308,3.95248500
3.52843008,3.97735800
3.52909708,4.00642000
3.52976408,3.90779100
3.53043108,3.80712200
3.53109808,3.70187600
3.53176508,3.64633900
3.53243208,3.77274200
3.53309908,3.87125300
3.53376608,3.86967300
3.53443308,3.92347000
3.53510008,3.82298400
3.53576708,3.85039000
3.53643408,3.90063200
3.53710108,3.90222300
3.53776808,3.92963900
3.53843508,3.87937600
3.53910208,3.93164100
3.53976908,3.95248500
3.54043608,3.95248500
3.54110308,3.85196000
3.54177008,3.80169700
3.54243708,3.80169700
3.54310408,3.77274200
3.54377108,3.85196000
3.54443808,3.77428100
3.54510508,3.69660200
3.54577208,3.69999300
3.54643908,3.67562700
3.54710608,3.69660200
3.54777308,3.72401800
3.54844008,3.74686500
3.54910708,3.85196000
3.54977408,3.87678100
3.55044108,3.90421100
3.55110808,3.97533200
3.55177508,3.95248500
3.55244208,3.95087400
3.55310908,3.82298400
3.55377608,3.79364500
3.55444308,3.89864300
3.55511008,3.94724900
3.55577708,4.07502100
3.55644408,3.99907700
3.55711108,3.82298400
3.55777808,3.80169700
3.55844508,3.87480700
3.55911208,3.85196000
3.55977908,3.80169700
3.56044608,3.85196000
3.56111308,3.87322700
3.56178008,4.08042700
3.56244708,4.15353700
3.56311408,4.20836900
3.56378108,4.15734700
3.56444808,4.18478800
3.56511508,4.28540600
3.56578208,4.31284700
3.56644908,4.49121500
3.56711608,4.49121500
3.56778308,4.56477800
3.56845008,4.58762500
3.56911708,4.45786500
3.56978408,4.53320000
3.57045108,4.56477800
3.57111808,4.79129200
3.57178508,4.99226000
3.57245208,4.89377100
3.57311908,4.89377100
3.57378608,4.64214200
3.57445308,4.46377400
3.57512008,4.38880900
3.57578708,4.58996200
3.57645408,4.61739300
3.57712108,4.71989200
3.57778808,4.89826000
3.57845508,4.81854700
3.57912208,4.84597600
3.57978908,4.86635400
3.58045608,4.79764200
3.58112308,4.72229500
3.58179008,4.82541800
3.58245708,4.82738200
3.58312408,5.00142200
3.58379108,5.28055000
3.58445808,5.43336400
3.58512508,5.60944700
3.58579208,5.45400900
3.58645908,5.27302600
3.58712608,5.27087700
3.58779308,5.29828200
3.58846008,5.49644800
3.58912708,5.60144700
3.58979408,5.67448900
3.59046108,5.62427300
3.59112808,5.67969900
3.59179508,5.60658900
3.59246208,5.55458600
3.59312908,5.60715800
3.59379608,5.62943600
3.59446308,5.72996200
3.59513008,5.67738400
3.59579708,5.65454700
3.59646408,5.57917300
3.59713108,5.63230500
3.59779808,5.73979100
3.59846508,5.86546000
3.59913208,5.98889500
3.59979908,6.01632500
3.60046608,6.16719100
3.60113308,6.16970300
3.60180008,6.24745500
3.60246708,6.34807200
3.60313408,6.42320400
3.60380108,6.52045900
3.60446808,6.57407000
3.60513508,6.67921800
3.60580208,6.65449900
3.60646908,6.60755200
3.60713608,6.70822100
3.60780308,6.70480800
3.60847008,6.70207600
3.60913708,6.79918900
3.60980408,6.69866300
3.61047108,6.69866300
3.61113808,6.75511600
3.61180508,6.78255800
3.61247208,6.85922500
3.61313908,6.78946400
3.61380608,6.65788700
3.61447308,6.68806300
3.61514008,6.75855500
3.61580708,6.86030800
3.61647408,7.00837900
3.61714108,7.13275100
3.61780808,7.20749000
3.61847508,7.20749000
3.61914208,7.30425000
3.61980908,7.20087600
3.62047608,7.20381600
3.62114308,7.45490000
3.62181008,7.50894500
3.62247708,7.71762800
3.62314408,7.71448200
3.62381108,7.50894500
3.62447808,7.58968500
3.62514508,7.43889800
3.62581208,7.54326500
3.62647908,7.64695600
3.62714608,7.59355300
3.62781308,7.64695600
3.62848008,7.59355300
3.62914708,7.62098400
3.62981408,7.49984600
3.63048108,7.65932100
3.63114808,7.73571800
3.63181508,7.73571800
3.63248208,7.96067200
3.63314908,7.95338400
3.63381608,7.95338400
3.63448308,8.07815100
3.63515008,7.99635800
3.63581708,8.12430000
3.63648408,8.08945800
3.63715108,8.11684800
3.63781808,8.34170100
3.63848508,8.42271300
3.63915208,8.60514100
3.63981908,8.53097200
3.64048608,8.48503000
3.64115308,8.35702300
3.64182008,8.33756200
3.64248708,8.43817900
3.64315408,8.39213900
3.64382108,8.36468500
3.64448808,8.28725200
3.64515508,8.18206000
3.64582208,8.20950200
3.64648908,8.18206000
3.64715608,8.21368200
3.64782308,8.31773600
3.64849008,8.26738000
3.64915708,8.31773600
3.64982408,8.31435100
3.65049108,8.36042900
3.65115808,8.53531900
3.65182508,8.62797800
3.65249208,8.73659200
3.65315908,8.73659200
3.65382608,8.71361400
3.65449308,8.77193600
3.65516008,8.92751700
3.65582708,8.99615100
3.65649408,8.99248700
3.65716108,8.96505900
3.65782808,8.73303100
3.65849508,8.70917600
3.65916208,8.61303700
3.65982908,8.48503000
3.66049608,8.49280900
3.66116308,8.49280900
3.66183008,8.59805500
3.66249708,8.77550800
3.66316408,8.92751700
3.66383108,8.90006200
3.66449808,8.90006200
3.66516508,8.77193600
3.66583208,8.69414800
3.66649908,8.68972400
3.66716608,8.76747300
3.66783308,8.76390200
3.66850008,8.84162000
3.66916708,8.91933900
3.66983408,8.84162000
3.67050108,8.86809200
3.67116808,9.04277400
3.67183508,9.12421000
3.67250208,9.09300100
3.67316908,9.08929400
3.67383608,8.96140500
3.67450308,8.80162100
3.67517008,8.85996400
3.67583708,8.71716500
3.67650408,8.54314400
3.67717108,8.47337800
3.67783808,8.44591100
3.67850508,8.58910700
3.67917208,8.56623700
3.67983908,8.58910700
3.68050608,8.58560800
3.68117308,8.53531900
3.68184008,8.61303700
3.68250708,8.55838700
3.68317408,8.43044600
3.68384108,8.45329300
3.68450808,8.48070900
3.68517508,8.65891400
3.68584208,8.65538300
3.68650908,8.55489800
3.68717608,8.45441400
3.68784308,8.37676600
3.68851008,8.37676600
3.68917708,8.39960500
3.68984408,8.39532300
3.69051108,8.24467200
3.69117808,8.22147200
3.69184508,8.20197900
3.69251208,8.12844000
3.69317908,8.15586900
3.69384608,8.22901600
3.69451308,8.32992100
3.69518008,8.32652500
3.69584708,8.17122900
3.69651408,7.99635800
3.69718108,7.76472400
3.69784808,7.76789100
3.69851508,7.84956700
3.69918208,7.84956700
3.69984908,7.92594300
3.70051608,7.94609500
3.70118308,7.94285600
3.70185008,7.98902400
3.70251708,7.83517500
3.70318408,7.71054900
3.70385108,7.71448200
3.70451808,7.74188700
3.70518508,7.79212900
3.70585208,7.81496700
3.70651908,7.73337500
3.70718608,7.55533400
3.70785308,7.53942300
3.70852008,7.48916100
3.70918708,7.38406600
3.70985408,7.36121900
3.71052108,7.26069300
3.71118808,7.21043000
3.71185508,7.23327700
3.71252208,7.10895600
3.71318908,7.13638600
3.71385608,7.00837900
3.71452308,6.88037200
3.71519008,6.93066100
3.71585708,6.95454600
3.71652408,7.03222600
3.71719108,7.13638600
3.71785808,6.72333800
3.71852508,6.54186900
3.71919208,6.44143600
3.71985908,6.08287000
3.72052608,6.36382800
3.72119308,6.59208600
3.72186008,6.56201600
3.72252708,6.73998400
3.72319408,6.68978800
3.72386108,6.46426100
3.72452808,6.28942600
3.72519508,6.21888200
3.72586208,6.06352400
3.72652908,6.01877700
3.72719608,6.07217600
3.72786308,6.09963100
3.72853008,6.12251000
3.72919708,6.04621800
3.72986408,5.98889500
3.73053108,5.88831800
3.73119808,5.94102700
3.73186508,5.86088800
3.73253208,5.76265900
3.73319908,5.88831800
3.73386608,5.75737800
3.73453308,5.80764100
3.73520008,5.96299800
3.73586708,5.78243500
3.73653408,5.75209700
3.73720108,5.60430400
3.73786808,5.65166400
3.73853508,5.60144700
3.73920208,5.60144700
3.73986908,5.62883800
3.74053608,5.39837600
3.74120308,5.37592900
3.74187008,5.40096900
3.74253708,5.34852500
3.74320408,5.30044300
3.74387108,5.27087700
3.74453808,5.50149400
3.74520508,5.47864800
3.74587208,5.43115100
3.74653908,5.40592300
3.74720608,4.99684100
3.74787308,4.81854700
3.74854008,4.79568800
3.74920708,4.79324500
3.74987408,4.89377100
3.75054108,5.04250300
3.75120808,4.98971600
3.75187508,4.88928300
3.75254208,4.71124100
3.75320908,4.66102500
3.75387608,4.53320000
3.75454308,4.66340200
3.75521008,4.71364400
3.75587708,4.58762500
3.75654408,4.61504100
3.75721108,4.48298400
3.75787808,4.28211600
3.75854508,4.15259700
3.75921208,4.25298900
3.75987908,4.10160200
3.76054608,4.30889500
3.76121308,4.43909700
3.76188008,4.31109000
3.76254708,4.31109000
3.76321408,4.18095300
3.76388108,4.05301100
3.76454808,4.02764600
3.76521508,3.95449900
3.76588208,3.90580200
3.76654908,4.00642000
3.76721608,4.02764600
3.76788308,4.00274800
3.76855008,3.92146900
3.76921708,3.82103600
3.76988408,3.76928000
3.77055108,3.81947600
3.77121808,3.92347000
3.77188508,3.92507000
3.77255208,3.95449900
3.77321908,4.00642000
3.77388608,4.02764600
3.77455308,4.08250700
3.77522008,3.97735800
3.77588708,3.95248500
3.77655408,3.87480700
3.77722108,3.95087400
3.77788808,3.92963900
3.77855508,3.87480700
3.77922208,3.80518400
3.77988908,3.57375200
3.78055608,3.62408700
3.78122308,3.65154200
3.78189008,3.72591600
3.78255708,3.82649200
3.78322408,3.80169700
3.78389108,3.72591600
3.78455808,3.72591600
3.78522508,3.82454300
3.78589208,3.80169700
3.78655908,3.80169700
3.78722608,3.82805200
3.78789308,3.93324400
3.78856008,4.03386100
3.78922708,4.05507700
3.78989408,3.94886000
3.79056108,3.74190000
3.79122808,3.62016900
3.79189508,3.67225800
3.79256208,3.82454300
3.79322908,3.49875700
3.79389608,3.47131600
3.79456308,3.44387500
3.79523008,3.64968400
3.79589708,3.87836100
3.79656408,4.03591500
3.79723108,4.05672900
3.79789808,3.77774300
3.79856508,3.90580200
3.79923208,3.90063200
3.79989908,3.99907700
3.80056608,4.10616900
3.80123308,4.25689600
3.80190008,4.33631000
3.80256708,4.28366000
3.80323408,4.10536500
3.80390108,4.10536500
3.80456808,4.15353700
3.80523508,4.28147800
3.80590208,4.40762200
3.80656908,4.27755100
3.80723608,4.25689600
3.80790308,4.15353700
3.80857008,4.15353700
3.80923708,4.28366000
3.80990408,4.54152400
3.81057108,4.66958300
3.81123808,4.85041900
3.81190508,4.79764200
3.81257208,4.54152400
3.81323908,4.38880900
3.81390608,4.33631000
3.81457308,4.46195600
3.81524008,4.53736200
3.81590708,4.58762500
3.81657408,4.61739300
3.81724108,4.61504100
3.81790808,4.61316000
3.81857508,4.79324500
3.81924208,4.87092400
3.81990908,4.86893800
3.82057608,4.94403400
3.82124308,4.97145000
3.82191008,4.91918100
3.82257708,5.02171300
3.82324408,5.02427200
3.82391108,5.02171300
3.82457808,5.02171300
3.82524508,4.94403400
3.82591208,5.04455900
3.82657908,5.07456100
3.82724608,5.25018000
3.82791308,5.33057400
3.82858008,5.19779700
3.82924708,5.29828200
3.82991408,5.22276400
3.83058108,5.27302600
3.83124809,5.38305500
3.83191509,5.35343200
3.83258209,5.48367300
3.83324909,5.55458600
3.83391609,5.68259300
3.83458309,5.73521800
3.83525009,5.63746800
3.83591709,5.61687500
3.83658409,5.63746800
3.83725109,5.63460000
3.83791809,5.90816600
3.83858509,5.98340500
3.83925209,6.14120300
3.83991909,6.19714500
3.84058609,6.09652700
3.84125309,6.11939500
3.84192009,5.98889500
3.84258709,6.09195400
3.84325409,6.17284400
3.84392109,6.20282400
3.84458809,6.23345900
3.84525509,6.22775500
3.84592209,6.30353400
3.84658909,6.38135500
3.84725609,6.40424400
3.84792309,6.42909300
3.84859009,6.42582200
3.84925709,6.39838100
3.84992409,6.50357200
3.85059109,6.75855500
3.85125809,6.78601100
3.85192509,6.88317600
3.85259209,6.87686800
3.85325909,6.74617500
3.85392609,6.92430700
3.85459309,7.12984400
3.85526009,7.36497000
3.85592709,7.36497000
3.85659409,7.36121900
3.85726109,7.26069300
3.85792809,7.13275100
3.85859509,7.28725100
3.85926209,7.16216200
3.85992909,7.24359800
3.86059609,7.41828100
3.86126309,7.31468100
3.86193009,7.51583500
3.86259709,7.46174400
3.86326409,7.36497000
3.86393109,7.57378100
3.86459809,7.51889800
3.86526509,7.72864000
3.86593209,7.82532500
3.86659909,7.75214800
3.86726609,7.93051600
3.86793309,7.84956700
3.86860009,7.57069500
3.86926709,7.58968500
3.86993409,7.45870300
3.87060109,7.56375500
3.87126809,7.99309900
3.87193509,8.12098800
3.87260209,8.22147200
3.87326909,8.24887800
3.87393609,8.10100900
3.87460309,8.00043300
3.87527009,8.00043300
3.87593709,7.97757400
3.87660409,7.97351100
3.87727109,8.02377400
3.87793809,8.12430000
3.87860509,8.17872700
3.87927209,8.30673500
3.87993909,8.35702300
3.88060609,8.40731200
3.88127309,8.37676600
3.88194009,8.37249700
3.88260709,8.37676600
3.88327409,8.29912000
3.88394109,8.43474200
3.88460809,8.56274800
3.88527509,8.76390200
3.88594209,8.79133300
3.88660909,8.70917600
3.88727609,8.65538300
3.88794309,8.72858000
3.88861009,8.84822600
3.88927709,8.92580200
3.88994409,9.02988000
3.89061109,8.90662000
3.89127809,8.78327400
3.89194509,8.80970200
3.89261209,8.99248700
3.89327909,9.25226900
3.89394609,9.33001900
3.89461309,9.20196000
3.89528009,9.00072500
3.89594709,8.79491500
3.89661409,8.67126800
3.89728109,8.79939300
3.89794809,8.79939300
3.89861509,8.62093400
3.89928209,8.64398800
3.89994909,8.61303700
3.90061609,8.78685600
3.90128309,9.00705300
3.90195009,9.18509400
3.90261709,9.31291900
3.90328409,9.16237400
3.90395109,9.16237400
3.90461809,9.16237400
3.90528509,9.10748700
3.90595209,9.15396700
3.90661909,9.08929400
3.90728609,9.01164700
3.90795309,8.94219800
3.90862009,8.84522300
3.90928709,8.83711800
3.90995409,8.79133300
3.91062109,8.83711800
3.91128809,8.57773700
3.91195509,8.58560800
3.91262209,8.55838700
3.91328909,8.35702300
3.91395609,8.58910700
3.91462309,8.53879700
3.91529009,8.53879700
3.91595709,8.69075600
3.91662409,8.86453300
3.91729109,8.93400000
3.91795809,8.91116200
3.91862509,8.93400000
3.91929209,8.70562600
3.91995909,8.60865000
3.92062609,8.83351500
3.92129309,8.91116200
3.92196009,9.06189000
3.92262709,9.10748700
3.92329409,8.98424300
3.92396109,8.96505900
3.92462809,8.96505900
3.92529509,9.11213200
3.92596209,9.06558500
3.92662909,9.01164700
3.92729609,8.91116200
3.92796309,8.61654700
3.92863009,8.61654700
3.92929709,8.43817900
3.92996409,8.43817900
3.93063109,8.60514100
3.93129809,8.62797800
3.93196509,8.73303100
3.93263209,8.78685600
3.93329909,8.71716500
3.93396609,8.61654700
3.93463309,8.71716500
3.93530009,8.63589600
3.93596709,8.56274800
3.93663409,8.61303700
3.93730109,8.50812500
3.93796809,8.53097200
3.93863509,8.44984600
3.93930209,8.50032100
3.93996909,8.45786200
3.94063609,8.43044600
3.94130309,8.40303000
3.94197009,8.17456200
3.94263709,8.03924000
3.94330409,7.91141600
3.94397109,8.02050300
3.94463809,8.17456200
3.94530509,8.18206000
3.94597209,8.18206000
3.94663909,8.08144300
3.94730609,7.87563400
3.94797309,7.79927800
3.94864009,7.74441900
3.94930709,7.74441900
3.94997409,7.82213800
3.95064109,7.90307500
3.95130809,8.00043300
3.95197509,7.99635800
3.95264209,7.96569300
3.95330909,7.94285600
3.95397609,7.76789100
3.95464309,7.76789100
3.95531009,7.71762800
3.95597709,7.68707700
3.95664409,7.76472400
3.95731109,7.56684000
3.95797809,7.53942300
3.95864509,7.35821800
3.95931209,7.23327700
3.95997909,7.20749000
3.96064609,7.03222600
3.96131309,7.03867600
3.96198009,6.98379400
3.96264709,6.96092600
3.96331409,6.95809000
3.96398109,6.90780200
3.96464809,6.85122700
3.96531509,6.82382200
3.96598209,6.77634200
3.96664909,6.77358000
3.96731609,6.69866300
3.96798309,6.69866300
3.96865009,6.77358000
3.96931709,6.74617500
3.96998409,6.54787500
3.97065109,6.46755800
3.97131809,6.46426100
3.97198509,6.46162300
3.97265209,6.61339900
3.97331909,6.53919900
3.97398609,6.33966900
3.97465309,6.22205100
3.97532009,6.09404400
3.97598709,6.04067700
3.97665409,6.01081000
3.97732109,5.85253000
3.97798809,5.87992100
3.97865509,5.75209700
3.97932209,5.67738400
3.97998909,5.60658900
3.98065609,5.52891000
3.98132309,5.48367300
3.98199009,5.32600200
3.98265709,5.38086200
3.98332409,5.27571300
3.98399109,5.27571300
3.98465809,5.30314400
3.98532509,5.30044300
3.98599209,5.37812200
3.98665909,5.37592900
3.98732609,5.37318900
3.98799309,5.39601500
3.98866009,5.32112000
3.98932709,5.24804000
3.98999409,5.25285500
3.99066109,5.17724600
3.99132809,5.10406900
3.99199509,4.97398300
3.99266209,4.94403400
3.99332909,4.74104900
3.99399609,4.68623900
3.99466309,4.68623900
3.99533009,4.61316000
3.99599709,4.71556600
3.99666409,4.71364400
3.99733109,4.61739300
3.99799809,4.54152400
3.99866509,4.41166700
3.99933209,4.36137900
3.99999909,4.48938600
4.00066609,4.38880900
4.00133309,4.36137900
4.00200009,4.26080200
4.00266709,4.18095300
4.00333409,4.27755100
4.00400109,4.38478500
4.00466809,4.56291700
4.00533509,4.63788800
4.00600209,4.59183300
4.00666909,4.43909700
4.00733609,4.28823200
4.00800309,4.23509700
4.00867009,4.20836900
4.00933709,4.26080200
4.01000409,4.26253800
4.01067109,4.15353700
4.01133809,4.08250700
4.01200509,3.95248500
4.01267209,3.75143400
4.01333909,3.72591600
4.01400609,3.77774300
4.01467309,3.87836100
4.01534009,4.00478800
4.01600709,3.97735800
4.01667409,4.10327400
4.01734109,4.15810600
4.01800809,4.16022500
4.01867509,4.20836900
4.01934209,4.08042700
4.02000909,4.03016500
4.02067609,4.00111700
4.02134309,3.99907700
4.02201009,3.99907700
4.02267709,4.07668400
4.02334409,4.09951100
4.02401109,4.05135900
4.02467809,3.95248500
4.02534509,3.77428100
4.02601209,3.74686500
4.02667909,3.69848600
4.02734609,3.72591600
4.02801309,3.72743400
4.02868009,3.62866300
4.02934709,3.62866300
4.03001409,3.45020400
4.03068109,3.47308300
4.03134809,3.52162500
4.03201509,3.52019000
4.03268209,3.74877400
4.03334909,3.82649200
4.03401609,3.92867000
4.03468309,3.92867000
4.03535009,3.90421100
4.03601709,3.85039000
4.03668409,3.82103600
4.03735109,3.81947600
4.03801809,3.82103600
4.03868509,3.87322700
4.03935209,3.90063200
4.04001909,3.95248500
4.04068609,3.97371200
4.04135309,3.89864300
4.04202009,3.87480700
4.04268709,3.85196000
4.04335409,3.74686500
4.04402109,3.82649200
4.04468809,3.90063200
4.04535509,4.08250700
4.04602209,4.05672900
4.04668909,4.03591500
4.04735609,3.95973600
4.04802309,3.82805200
4.04869009,4.05507700
4.04935709,4.16022500
4.05002409,4.15810600
4.05069109,4.18095300
4.05135809,4.15810600
4.05202509,4.03221800
4.05269209,3.98355200
4.05335909,4.05672900
4.05402609,3.98355200
4.05469309,4.16022500
4.05536009,4.28604800
4.05602709,4.25863200
4.05669409,4.33852000
4.05736109,4.38880900
4.05802809,4.41166700
4.05869509,4.39059700
4.05936209,4.33174100
4.06002909,4.05301100
4.06069609,4.05301100
4.06136309,4.23337200
4.06203009,4.23509700
4.06269709,4.36315600
4.06336409,4.41571100
4.06403109,4.41346500
4.06469809,4.49350200
4.06536509,4.69941600
4.06603209,4.66958300
4.06669909,4.69245100
4.06736609,4.81854700
4.06803309,4.86635400
4.06870009,5.02427200
4.06936709,5.06990900
4.07003409,5.09731300
4.07070109,5.04449700
4.07136809,5.09263600
4.07203509,5.14493100
4.07270209,5.42617200
4.07336909,5.60944700
4.07403609,5.60944700
4.07470309,5.58429100
4.07537009,5.32600200
4.07603709,5.19991700
4.07670409,5.17250200
4.07737109,5.24804000
4.07803809,5.42838500
4.07870509,5.45400900
4.07937209,5.35561400
4.08003909,5.33763300
4.08070609,5.26248700
4.08137309,5.36324800
4.08204009,5.59225100
4.08270709,5.66723000
4.08337409,5.73521800
4.08404109,5.81060000
4.08470809,5.96299800
4.08537509,6.03364700
4.08604209,6.03364700
4.08670909,6.03364700
4.08737609,5.98340500
4.08804309,5.93316300
4.08871009,6.01326100
4.08937709,6.04067700
4.09004409,6.09094000
4.09071109,6.24491000
4.09137809,6.36967000
4.09204509,6.32262800
4.09271209,6.34548600
4.09337909,6.32262800
4.09404609,6.11939500
4.09471309,6.27489500
4.09538009,6.27809000
4.09604709,6.25063500
4.09671409,6.35130400
4.09738109,6.42909300
4.09804809,6.45917700
4.09871509,6.55721800
4.09938209,6.73567600
4.10004909,6.75969000
4.10071609,6.87406400
4.10138309,6.98552100
4.10205009,7.00480900
4.10271709,7.08248900
4.10338409,7.08609800
4.10405109,7.10243900
4.10471809,7.13275100
4.10538509,7.15559800
4.10605209,7.31095600
4.10671909,7.31468100
4.10738609,7.38863500
4.10805309,7.26069300
4.10872009,7.10895600
4.10938709,7.08609800
4.11005409,7.03867600
4.11072109,7.39541200
4.11138809,7.44572100
4.11205509,7.52347100
4.11272209,7.44951200
4.11338909,7.30147900
4.11405609,7.37472300
4.11472309,7.50671500
4.11539009,7.68143000
4.11605709,7.68533800
4.11672409,7.88421900
4.11739109,7.82989900
4.11805809,7.77184900
4.11872509,7.92324800
4.11939209,7.84556900
4.12005909,7.88859000
4.12072609,8.08945800
4.12139309,8.08615600
4.12206009,8.09358300
4.12272709,8.22482500
4.12339409,8.12430000
4.12406109,8.12430000
4.12472809,8.09688400
4.12539509,8.02377400
4.12606209,8.07815100
4.12672909,8.07815100
4.12739609,8.12430000
4.12806309,8.15586900
4.12873009,8.22901600
4.12939709,8.10888400
4.13006409,8.08555700
4.13073109,7.93455400
4.13139809,7.85276600
4.13206509,7.87242600
4.13273209,7.89985600
4.13339909,8.07815100
4.13406609,8.03113400
4.13473309,8.18622600
4.13540009,8.54314400
4.13606709,8.64381300
4.13673409,8.69429700
4.13740109,8.76747300
4.13806809,8.56623700
4.13873509,8.51592900
4.13940209,8.66685600
4.14006909,8.58123500
4.14073609,8.57773700
4.14140309,8.60514100
4.14207009,8.48503000
4.14273709,8.67126800
4.14340409,8.46535400
4.14407109,8.51592900
4.14473809,8.58123500
4.14540509,8.43044600
4.14607209,8.50812500
4.14673909,8.43474200
4.14740609,8.39213900
4.14807309,8.46104600
4.14874009,8.41502000
4.14940709,8.41502000
4.15007409,8.59347900
4.15074109,8.54314400
4.15140809,8.74905800
4.15207509,8.93205900
4.15274209,8.86905100
4.15340909,8.94584200
4.15407609,8.94219800
4.15474309,8.90662000
4.15541009,8.98424300
4.15607709,8.90205500
4.15674409,8.95227100
4.15741109,8.80611000
4.15807809,8.73303100
4.15874509,8.75943900
4.15941209,8.75943900
4.16007909,8.96505900
4.16074609,9.01532200
4.16141309,9.03816900
4.16208009,8.96505900
4.16274709,8.74104400
4.16341409,8.56274800
4.16408109,8.79133300
4.16474809,8.71361400
4.16541509,8.73659200
4.16608209,8.91933900
4.16674909,8.63149700
4.16741609,8.66332500
4.16808309,8.61303700
4.16875009,8.56274800
4.16941709,8.43044600
4.17008409,8.47725200
4.17075109,8.50812500
4.17141809,8.40417200
4.17208509,8.47725200
4.17275209,8.40417200
4.17341909,8.39988800
4.17408609,8.41927600
4.17475309,8.52314700
4.17542009,8.50465700
4.17608709,8.50812500
4.17675409,8.48848800
4.17742109,8.36500300
4.17808809,8.34180600
4.17875509,8.36468500
4.17942209,8.13589200
4.18008909,7.98813800
4.18075609,7.93051600
4.18142309,7.85276600
4.18209009,8.07403700
4.18275709,8.17122900
4.18342409,8.25224100
4.18409109,8.25224100
4.18475809,8.12844000
4.18542509,8.20615900
4.18609209,8.09688400
4.18675909,7.99309900
4.18742609,8.02050300
4.18809309,7.89261300
4.18876009,8.01641400
4.18942709,8.01314300
4.19009409,8.03924000
4.19076109,8.07074500
4.19142809,7.99635800
4.19209509,8.05072100
4.19276209,8.00043300
4.19342909,7.84237100
4.19409609,7.89583300
4.19476309,7.82213800
4.19543009,7.67439800
4.19609709,7.55018100
4.19676409,7.26735300
4.19743109,7.18960300
4.19809809,7.23032900
4.19876509,7.33538100
4.19943209,7.43586500
4.20009909,7.35146600
4.20076609,7.35446700
4.20143309,7.30127000
4.20210009,7.27685900
4.20276709,7.43207500
4.20343409,7.38562300
4.20410109,7.46174400
4.20476809,7.28057100
4.20543509,7.10533500
4.20610209,7.07960200
4.20676909,6.82660500
4.20743609,6.90428400
4.20810309,6.88317600
4.20877009,6.88037200
4.20943709,6.90428400
4.21010409,6.52378100
4.21077109,6.31683100
4.21143809,6.16405000
4.21210509,6.24745500
4.21277209,6.39577500
4.21343909,6.47349300
4.21410609,6.40163900
4.21477309,6.27489500
4.21544009,6.32842400
4.21610709,6.28064500
4.21677409,6.24745500
4.21744109,6.24491000
4.21810809,6.27233900
4.21877509,6.21888200
4.21944209,6.33966900
4.22010909,6.21888200
4.22077609,6.10817900
4.22144309,6.18578700
4.22211009,5.98797300
4.22277709,5.95509800
4.22344409,5.85014200
4.22411109,5.64935800
4.22477809,5.62197700
4.22544509,5.52383900
4.22611209,5.52891000
4.22677909,5.52891000
4.22744609,5.43115100
4.22811309,5.48367300
4.22878009,5.48144000
4.22944709,5.37812200
4.23011409,5.32785900
4.23078109,5.14965400
4.23144809,5.07456100
4.23211509,5.04918700
4.23278209,5.07456100
4.23344909,5.15437800
4.23411609,5.04713000
4.23478309,5.33057400
4.23545009,5.35343200
4.23611709,5.44900900
4.23678409,5.34852500
4.23745109,5.06732400
4.23811809,5.04250300
4.23878509,4.89177600
4.23945209,4.94403400
4.24011909,4.84795100
4.24078609,4.71989200
4.24145309,4.61739300
4.24212009,4.48709900
4.24278709,4.58575500
4.24345409,4.58341700
4.24412109,4.66530400
4.24478809,4.79324500
4.24545509,4.71556600
4.24612209,4.58996200
4.24678909,4.51224400
4.24745609,4.41166700
4.24812309,4.33394900
4.24879009,4.38880900
4.24945709,4.38880900
4.25012409,4.41166700
4.25079109,4.51224400
4.25145809,4.41166700
4.25212509,4.30713800
4.25279209,4.50810800
4.25345909,4.45786500
4.25412609,4.50810800
4.25479309,4.58762500
4.25546009,4.33394900
4.25612709,4.23337200
4.25679409,4.22949100
4.25746109,4.10160200
4.25812809,4.02852200
4.25879509,4.00111700
4.25946209,3.98193000
4.26012909,4.00478800
4.26079609,3.97990200
4.26146309,4.05301100
4.26213009,4.10616900
4.26279709,4.00111700
4.26346409,4.00111700
4.26413109,3.85039000
4.26479809,3.72250000
4.26546509,3.77274200
4.26613209,3.84739000
4.26679909,3.82454300
4.26746609,3.77428100
4.26813309,3.74533700
4.26880009,3.67225800
4.26946709,3.82298400
4.27013409,3.87125300
4.27080109,3.95248500
4.27146809,4.00111700
4.27213509,3.87480700
4.27280209,4.00478800
4.27346909,3.90222300
4.27413609,3.80169700
4.27480309,3.77274200
4.27547009,3.57323000
4.27613709,3.62533900
4.27680409,3.69999300
4.27747109,3.67899700
4.27813809,3.75221100
4.27880509,3.65154200
4.27947209,3.54906600
4.28013909,3.62224300
4.28080609,3.64968400
4.28147310,3.67562700
4.28214010,3.72743400
4.28280710,3.72743400
4.28347410,3.79906300
4.28414110,3.95449900
4.28480810,4.08250700
4.28547510,4.33174100
4.28614210,4.33174100
4.28680910,4.22949100
4.28747610,4.25472500
4.28814310,4.02852200
4.28881010,3.97827900
4.28947710,4.03221800
4.29014410,3.92963900
4.29081110,3.92963900
4.29147810,3.93164100
4.29214510,3.97990200
4.29281210,3.98355200
4.29347910,3.87678100
4.29414610,3.92707000
4.29481310,3.90580200
4.29548010,4.00642000
4.29614710,4.10703800
4.29681410,4.03386100
4.29748110,4.08250700
4.29814810,4.03221800
4.29881510,4.18308400
4.29948210,4.28540600
4.30014910,4.39283200
4.30081610,4.48938600
4.30148310,4.48938600
4.30215010,4.81412900
4.30281710,4.78884900
4.30348410,4.73648200
4.30415110,4.73406700
4.30481810,4.50580900
4.30548510,4.63363400
4.30615210,4.73863300
4.30681910,4.87092400
4.30748610,4.87092400
4.30815310,4.84597600
4.30882010,4.82051000
4.30948710,4.74733400
4.31015410,4.87081900
4.31082110,4.81854700
4.31148810,4.81854700
4.31215510,4.89626500
4.31282210,4.72229500
4.31348910,4.85041900
4.31415610,4.95108800
4.31482310,4.87329800
4.31549010,4.97601000
4.31615710,4.99887800
4.31682410,4.99684100
4.31749110,5.17724600
4.31815810,5.27571300
4.31882510,5.30314400
4.31949210,5.40592300
4.32015910,5.33057400
4.32082610,5.38086200
4.32149310,5.50886900
4.32216010,5.57917300
4.32282710,5.75209700
4.32349410,5.72927100
4.32416110,5.65166400
4.32482810,5.60430400
4.32549510,5.55915800
4.32616210,5.50429800
4.32682910,5.48367300
4.32749610,5.53398200
4.32816310,5.66204200
4.32883010,5.84040900
4.32949710,5.89071800
4.33016410,5.89371700
4.33083110,5.81592800
4.33149810,5.76794000
4.33216510,5.89611600
4.33283210,6.04164500
4.33349910,6.06908600
4.33416610,6.04164500
4.33483310,6.11939500
4.33550010,6.09652700
4.33616710,6.32262800
4.33683410,6.57407000
4.33750110,6.72607900
4.33816810,6.80265400
4.33883510,6.78255800
4.33950210,6.80542600
4.34016910,6.68534200
4.34083610,6.65788700
4.34150310,6.75511600
4.34217010,6.68194000
4.34283710,6.62705800
4.34350410,6.72950700
4.34417110,6.70822100
4.34483810,6.93348500
4.34550510,7.10895600
4.34617210,7.10895600
4.34683910,7.07960200
4.34750610,7.08248900
4.34817310,7.13275100
4.34884010,7.18008600
4.34950710,7.28354000
4.35017410,7.31095600
4.35084110,7.44268800
4.35150810,7.65085000
4.35217510,7.72864000
4.35284210,8.23656100
4.35350910,8.21368200
4.35417610,8.18206000
4.35484310,8.31012000
4.35551010,7.84956700
4.35617710,7.84956700
4.35684410,7.95014400
4.35751110,7.79530600
4.35817810,7.87242600
4.35884510,7.97300200
4.35951210,7.87242600
4.36017910,7.97300200
4.36084610,7.95014400
4.36151310,7.89985600
4.36218010,7.90307500
4.36284710,7.85676400
4.36351410,7.90307500
4.36418110,7.90307500
4.36484810,7.97757400
4.36551510,8.10100900
4.36618210,8.15462000
4.36684910,8.23236900
4.36751610,8.20950200
4.36818310,8.17872700
4.36885010,8.22147200
4.36951710,8.32652500
4.37018410,8.42700900
4.37085110,8.50465700
4.37151810,8.53531900
4.37218510,8.45786200
4.37285210,8.56274800
4.37351910,8.53879700
4.37418610,8.46217200
4.37485310,8.51246100
4.37552010,8.43474200
4.37618710,8.53531900
4.37685410,8.61303700
4.37752110,8.63589600
4.37818810,8.63589600
4.37885510,8.56274800
4.37952210,8.53879700
4.38018910,8.43817900
4.38085610,8.48503000
4.38152310,8.55838700
4.38219010,8.63254500
4.38285710,8.81067800
4.38352410,8.78685600
4.38419110,8.76747300
4.38485810,8.74003300
4.38552510,8.64381300
4.38619210,8.71716500
4.38685910,8.78327400
4.38752610,8.88375800
4.38819310,8.97599900
4.38886010,9.01790400
4.38952710,9.04525900
4.39019410,8.99878400
4.39086110,8.97599900
4.39152810,8.91116200
4.39219510,8.86453300
4.39286210,8.86092000
4.39352910,9.12049400
4.39419610,9.07390100
4.39486310,9.15630900
4.39553010,9.13257100
4.39619710,8.82227100
4.39686410,8.84972700
4.39753110,8.74460600
4.39819810,8.64398800
4.39886510,8.68633000
4.39953210,8.68278900
4.40019910,8.81427100
4.40086610,9.03905200
4.40153310,8.91116200
4.40220010,9.03444400
4.40286710,9.00337800
4.40353410,8.95318100
4.40420110,9.13487700
4.40486810,9.13953600
4.40553510,9.16237400
4.40620210,9.26742600
4.40686910,9.26742600
4.40753610,9.13953600
4.40820310,9.06189000
4.40887010,8.80611000
4.40953710,8.37676600
4.41020410,8.14839300
4.41087110,8.17122900
4.41153810,8.34936200
4.41220510,8.84162000
4.41287210,9.02359200
4.41353910,8.95039700
4.41420610,8.79939300
4.41487310,8.61303700
4.41554010,8.65891400
4.41620710,8.62797800
4.41687410,8.70917600
4.41754110,8.86905100
4.41820810,8.66332500
4.41887510,8.63941500
4.41954210,8.61654700
4.42020910,8.48848800
4.42087610,8.67126800
4.42154310,8.76747300
4.42221010,8.66332500
4.42287710,8.66332500
4.42354410,8.75586800
4.42421110,8.60514100
4.42487810,8.75586800
4.42554510,8.73303100
4.42621210,8.48070900
4.42687910,8.45329300
4.42754610,8.30250500
4.42821310,8.19445600
4.42888010,8.22147200
4.42954710,8.17456200
4.43021410,8.02786300
4.43088110,7.87964300
4.43154810,7.87964300
4.43221510,7.89985600
4.43288210,7.91545100
4.43354910,8.11684800
4.43421610,8.14091600
4.43488310,8.21728100
4.43555010,8.24887800
4.43621710,8.14382600
4.43688410,8.13967400
4.43755110,8.08615600
4.43821810,8.23710300
4.43888510,8.25990800
4.43955210,8.14091600
4.44021910,7.98902400
4.44088610,7.76472400
4.44155310,7.79212900
4.44222010,7.76472400
4.44288710,7.74504400
4.44355410,7.71448200
4.44422110,7.53942300
4.44488810,7.46174400
4.44555510,7.48916100
4.44622210,7.41828100
4.44688910,7.39541200
4.44755610,7.42205700
4.44822310,7.34211200
4.44889010,7.34211200
4.44955710,7.33538100
4.45022410,7.25403300
4.45089110,7.27685900
4.45155810,7.25107300
4.45222510,7.14903500
4.45289210,7.12620900
4.45355910,7.05219600
4.45422610,7.03222600
4.45489310,6.97099400
4.45556010,6.85122700
4.45622710,6.84773400
4.45689410,6.73998400
4.45756110,6.74617500
4.45822810,6.74273600
4.45889510,6.49761200
4.45956210,6.44734900
4.46022910,6.11690200
4.46089610,6.19714500
4.46156310,6.24745500
4.46223010,6.19714500
4.46289710,6.34807200
4.46356410,6.14683600
4.46423110,6.03918300
4.46489810,5.98889500
4.46556510,5.88831800
4.46623210,5.85790300
4.46689910,5.93558200
4.46756610,5.85790300
4.46823310,5.88292000
4.46890010,5.80527400
4.46956710,5.65685300
4.47023410,5.67738400
4.47090110,5.75503100
4.47156810,5.78243500
4.47223510,5.75209700
4.47290210,5.57689900
4.47356910,5.47362300
4.47423610,5.37318900
4.47490310,5.24322400
4.47557010,5.24804000
4.47623710,5.14755500
4.47690410,5.07197600
4.47757110,5.10199000
4.47823810,5.14755500
4.47890510,5.04713000
4.47957210,4.99684100
4.48023910,4.97398300
4.48090610,4.81854700
4.48157310,4.76583000
4.48224010,4.76583000
4.48290710,4.74540000
4.48357410,4.79568800
4.48424110,4.74082800
4.48490810,4.73841300
4.48557510,4.71364400
4.48624210,4.74104900
4.48690910,4.89177600
4.48757610,4.87092400
4.48824310,4.79129200
4.48891010,4.69080700
4.48957710,4.51267500
4.49024410,4.53320000
4.49091110,4.48527000
4.49157810,4.48709900
4.49224510,4.53967400
4.49291210,4.31284700
4.49357910,4.34028800
4.49424610,4.18308400
4.49491310,3.77620400
4.49558010,3.77620400
4.49624710,3.80518400
4.49691410,3.85745600
4.49758110,4.10912900
4.49824810,4.08624900
4.49891510,3.97897900
4.49958210,4.03221800
4.50024910,4.15353700
4.50091610,4.28147800
4.50158310,4.38657300
4.50225010,4.28366000
4.50291710,4.21051400
4.50358410,4.15184400
4.50425110,4.12900600
4.50491810,4.17711800
4.50558510,4.12690100
4.50625210,4.20665400
4.50691910,4.05135900
4.50758610,4.00111700
4.50825310,3.97533200
4.50892010,3.77620400
4.50958710,3.87678100
4.51025410,3.77620400
4.51092110,3.82454300
4.51158810,3.85039000
4.51225510,3.74686500
4.51292210,3.77428100
4.51358910,3.59790900
4.51425610,3.54762000
4.51492310,3.41961400
4.51559010,3.42274900
4.51625710,3.54906600
4.51692410,3.67899700
4.51759110,3.83194900
4.51825810,3.85392300
4.51892510,3.80518400
4.51959210,3.80363400
4.52025910,3.80169700
4.52092610,3.87678100
4.52159310,3.92707000
4.52226010,3.87678100
4.52292710,3.84739000
4.52359410,3.77428100
4.52426110,3.69660200
4.52492810,3.72401800
4.52559510,3.72591600
4.52626210,3.75487500
4.52692910,3.82805200
4.52759610,3.67899700
4.52826310,3.70187600
4.52893010,3.65154200
4.52959710,3.59937500
4.53026410,3.64968400
4.53093110,3.52019000
4.53159810,3.52019000
4.53226510,3.67712500
4.53293210,3.72743400
4.53359910,3.65154200
4.53426610,3.65154200
4.53493310,3.57193400
4.53560010,3.64819700
4.53626710,3.77428100
4.53693410,3.92803700
4.53760110,4.05135900
4.53826810,4.23121500
4.53893510,4.33631000
4.53960210,4.23121500
4.54026910,4.15641100
4.54093610,3.90063200
4.54160310,3.90063200
4.54227010,3.92347000
4.54293710,3.90222300
4.54360410,4.03016500
4.54427110,4.08250700
4.54493810,4.18095300
4.54560510,4.20380000
4.54627210,4.28147800
4.54693910,4.22949100
4.54760610,4.26080200
4.54827310,4.23509700
4.54894010,4.15565300
4.54960710,4.28540600
4.55027410,4.38602400
4.55094110,4.54152400
4.55160810,4.61927400
4.55227510,4.81609200
4.55294210,4.68623900
4.55360910,4.70931900
4.55427610,4.83906600
4.55494310,4.71364400
4.55561010,4.84153400
4.55627710,4.82051000
4.55694410,4.71796900
4.55761110,4.69702400
4.55827810,4.69702400
4.55894510,4.76583000
4.55961210,4.79568800
4.56027910,4.68623900
4.56094610,4.66530400
4.56161310,4.64025100
4.56228010,4.76583000
4.56294710,4.95108800
4.56361410,5.00142200
4.56428110,5.02887800
4.56494810,5.05175700
4.56561510,5.10209200
4.56628210,5.12693700
4.56694910,5.38305500
4.56761610,5.45900900
4.56828310,5.48144000
4.56895010,5.48367300
4.56961710,5.32817300
4.57028410,5.27571300
4.57095110,5.53398200
4.57161810,5.73453100
4.57228510,5.88292000
4.57295210,5.96056700
4.57361910,5.87992100
4.57428610,5.85790300
4.57495310,5.83505700
4.57562010,5.88531900
4.57628710,5.94102700
4.57695410,5.96846800
4.57762110,5.97150700
4.57828810,5.92358300
4.57895510,5.84338200
4.57962210,5.84040900
4.58028910,5.84040900
4.58095610,5.94405100
4.58162310,5.99591000
4.58229010,6.09963100
4.58295710,6.22775500
4.58362410,6.24491000
4.58429110,6.32842400
4.58495810,6.29776300
4.58562510,6.29519700
4.58629210,6.44868900
4.58695910,6.55121100
4.58762610,6.75236500
4.58829310,6.80542600
4.58896010,6.86030800
4.58962710,6.90780200
4.59029410,6.80722500
4.59096110,6.90780200
4.59162810,6.85402100
4.59229510,6.72950700
4.59296210,6.85751400
4.59362910,6.82660500
4.59429610,6.85402100
4.59496310,7.08248900
4.59563010,7.21043000
4.59629710,7.16381600
4.59696410,7.23991200
4.59763110,7.06154300
4.59829810,6.88317600
4.59896510,6.95809000
4.59963210,7.00480900
4.60029910,7.10243900
4.60096610,7.43889800
4.60163310,7.62098400
4.60230010,7.62409000
4.60296710,7.67439800
4.60363410,7.52040700
4.60430110,7.66736500
4.60496810,7.77184900
4.60563510,7.95338400
4.60630210,7.98082400
4.60696910,7.93051600
4.60763610,7.97351100
4.60830310,7.81815400
4.60897010,7.84956700
4.60963710,7.69726600
4.61030410,7.65085000
4.61097110,7.75151900
4.61163810,7.77897500
4.61230510,7.77501600
4.61297210,7.77501600
4.61363910,7.79470700
4.61430610,7.79073700
4.61497310,7.84956700
4.61564010,7.79530600
4.61630710,7.79927800
4.61697410,7.77501600
4.61764110,7.98082400
4.61830810,8.03113400
4.61897510,8.15586900
4.61964210,8.22482500
4.62030910,8.17122900
4.62097610,8.43044600
4.62164310,8.51246100
4.62231010,8.56274800
4.62297710,8.56274800
4.62364410,8.40731200
4.62431110,8.35702300
4.62497810,8.22901600
4.62564510,8.18206000
4.62631210,8.12844000
4.62697910,8.02377400
4.62764610,7.94609500
4.62831310,7.97026000
4.62898010,7.94609500
4.62964710,7.94609500
4.63031410,8.13175200
4.63098110,8.21368200
4.63164810,8.34180600
4.63231510,8.44591100
4.63298210,8.48848800
4.63364910,8.61303700
4.63431610,8.69075600
4.63498310,8.78685600
4.63565010,8.86905100
4.63631710,8.76747300
4.63698410,8.71361400
4.63765110,8.71361400
4.63831810,8.88375800
4.63898510,8.90298600
4.63965210,9.00337800
4.64031910,8.95318100
4.64098610,8.80162100
4.64165310,8.77879600
4.64232010,8.77879600
4.64298710,8.80611000
4.64365410,8.69075600
4.64432110,8.69872400
4.64498810,8.69872400
4.64565510,8.79491500
4.64632210,8.94219800
4.64698910,8.91116200
4.64765610,8.88738100
4.64832310,8.70917600
4.64899010,8.52749400
4.64965710,8.66685600
4.65032410,8.56274800
4.65099110,8.66685600
4.65165810,8.84972700
4.65232510,8.74104400
4.65299210,8.86447900
4.65365910,8.78685600
4.65432610,8.76390200
4.65499310,8.93764400
4.65566010,8.86447900
4.65632710,8.88738100
4.65699410,8.86092000
4.65766110,8.70917600
4.65832810,8.63606600
4.65899510,8.56623700
4.65966210,8.36042900
4.66032910,8.46535400
4.66099610,8.63941500
4.66166310,8.41073800
4.66233010,8.58910700
4.66299710,8.35702300
4.66366410,8.15877200
4.66433110,8.48503000
4.66499810,8.48070900
4.66566510,8.50355500
4.66633210,8.48070900
4.66699910,8.40731200
4.66766610,8.28267900
4.66833310,8.25981000
4.66900010,8.27508800
4.66966710,8.25224100
4.67033410,8.30250500
4.67100110,8.53097200
4.67166810,8.52749400
4.67233510,8.44553900
4.67300210,8.34170100
4.67366910,8.08615600
4.67433610,8.08615600
4.67500310,8.09358300
4.67567010,8.05072100
4.67633710,7.91867900
4.67700410,7.82532500
4.67767110,7.74757500
4.67833810,7.89985600
4.67900510,7.95338400
4.67967210,7.87242600
4.68033910,7.86520900
4.68100610,7.55533400
4.68167310,7.53250800
4.68234010,7.58272400
4.68300710,7.51200700
4.68367410,7.61710300
4.68434110,7.77184900
4.68500810,7.82213800
4.68567510,7.94609500
4.68634210,8.02377400
4.68700910,7.86520900
4.68767610,7.99309900
4.68834310,7.97026000
4.68901010,7.86520900
4.68967710,7.86520900
4.69034410,7.61011600
4.69101110,7.40468400
4.69167810,7.32707500
4.69234510,7.20292300
4.69301210,7.10895600
4.69367910,7.08898500
4.69434610,7.01480400
4.69501310,6.88668000
4.69568010,6.88317600
4.69634710,6.86030800
4.69701410,6.88037200
4.69768110,6.98552100
4.69834810,6.93066100
4.69901510,6.82660500
4.69968210,6.74892600
4.70034910,6.46755800
4.70101610,6.41993300
4.70168310,6.41993300
4.70235010,6.62892900
4.70301710,6.75236500
4.70368410,6.70207600
4.70435110,6.82660500
4.70501810,6.56804300
4.70568510,6.44015300
4.70635210,6.38404800
4.70701910,6.26339400
4.70768610,6.15839600
4.70835310,6.13557000
4.70902010,6.11378700
4.70968710,5.98584600
4.71035410,6.01326100
4.71102110,6.04067700
4.71168810,5.98340500
4.71235510,5.91032600
4.71302210,5.73453100
4.71368910,5.58201600
4.71435610,5.50654100
4.71502310,5.50934400
4.71569010,5.58429100
4.71635710,5.55458600
4.71702410,5.52891000
4.71769110,5.47641400
4.71835810,5.42838500
4.71902510,5.45400900
4.71969210,5.40592300
4.72035910,5.43336400
4.72102610,5.50149400
4.72169310,5.44900900
4.72236010,5.49876800
4.72302710,5.47138900
4.72369410,5.29558100
4.72436110,5.21797400
4.72502810,5.14493100
4.72569510,4.93949900
4.72636210,4.86437100
4.72702910,4.84350800
4.72769610,4.74540000
4.72836310,4.66958300
4.72903010,4.71556600
4.72969710,4.74104900
4.73036410,4.69080700
4.73103110,4.78884900
4.73169810,4.71556600
4.73236511,4.64025100
4.73303211,4.58762500
4.73369911,4.53736200
4.73436611,4.51451500
4.73503311,4.63819900
4.73570011,4.69080700
4.73636711,4.64245700
4.73703411,4.56059100
4.73770111,4.43683700
4.73836811,4.43502800
4.73903511,4.43276700
4.73970211,4.53551200
4.74036911,4.43276700
4.74103611,4.43683700
4.74170311,4.33852000
4.74237011,4.15810600
4.74303711,4.38880900
4.74370411,4.51451500
4.74437111,4.51267500
4.74503811,4.48938600
4.74570511,4.18308400
4.74637211,3.85392300
4.74703911,3.77620400
4.74770611,3.82454300
4.74837311,3.87480700
4.74904011,3.90063200
4.74970711,3.95248500
4.75037411,3.95248500
4.75104111,3.97625100
4.75170811,4.02852200
4.75237511,3.99907700
4.75304211,3.87125300
4.75370911,3.85039000
4.75437611,3.95248500
4.75504311,4.05301100
4.75571011,4.08250700
4.75637711,4.05301100
4.75704411,3.82454300
4.75771111,3.67562700
4.75837811,3.69660200
4.75904511,3.62681600
4.75971211,3.62681600
4.76037911,3.52162500
4.76104611,3.44844800
4.76171311,3.57650700
4.76238011,3.62681600
4.76304711,3.82649200
4.76371411,3.85196000
4.76438111,3.64633900
4.76504811,3.62201500
4.76571511,3.44388300
4.76638211,3.52019000
4.76704911,3.59461000
4.76771611,3.64633900
4.76838311,3.77274200
4.76905011,3.79666000
4.76971711,3.87125300
4.77038411,3.84685700
4.77105111,3.92146900
4.77171811,3.97735800
4.77238511,3.97533200
4.77305211,3.97938400
4.77371911,3.90779100
4.77438611,3.85549400
4.77505311,3.75373800
4.77572011,3.90779100
4.77638711,3.88033500
4.77705411,3.87836100
4.77772111,3.87836100
4.77838811,3.75334500
4.77905511,3.80363400
4.77972211,3.77774300
4.78038911,3.80518400
4.78105611,3.80518400
4.78172311,3.82805200
4.78239011,3.82649200
4.78305711,3.98193000
4.78372411,4.00642000
4.78439111,4.03591500
4.78505811,4.05879400
4.78572511,4.16192000
4.78639211,4.23337200
4.78705911,4.30889500
4.78772611,4.51267500
4.78839311,4.35738000
4.78906011,4.48527000
4.78972711,4.48298400
4.79039411,4.43276700
4.79106111,4.48298400
4.79172811,4.43502800
4.79239511,4.48527000
4.79306211,4.56896500
4.79372911,4.66958300
4.79439611,4.61927400
4.79506311,4.57129100
4.79573011,4.46377400
4.79639711,4.41571100
4.79706411,4.46604600
4.79773111,4.57129100
4.79839811,4.64214200
4.79906511,4.71989200
4.79973211,4.71796900
4.80039911,4.74540000
4.80106611,4.74733400
4.80173311,4.84350800
4.80240011,5.33057400
4.80306711,5.40372100
4.80373411,5.53172800
4.80440111,5.58429100
4.80506811,5.25499600
4.80573511,5.37848200
4.80640211,5.35561400
4.80706911,5.30800600
4.80773611,5.32817300
4.80840311,5.17724600
4.80907011,5.20468700
4.80973711,5.27786400
4.81040411,5.17988200
4.81107111,5.23021700
4.81173811,5.17724600
4.81240511,5.17724600
4.81307211,5.35343200
4.81373911,5.45400900
4.81440611,5.66204200
4.81507311,5.73521800
4.81574011,5.79010000
4.81640711,5.79010000
4.81707411,5.68259300
4.81774111,5.76265900
4.81840811,5.89071800
4.81907511,5.91574900
4.81974211,5.94102700
4.82040911,5.86088800
4.82107611,5.91574900
4.82174311,6.11690200
4.82241011,6.24172900
4.82307711,6.31683100
4.82374411,6.21634700
4.82441111,6.14120300
4.82507811,6.22001300
4.82574511,6.27809000
4.82641211,6.43171000
4.82707911,6.45197200
4.82774611,6.47942800
4.82841311,6.52976200
4.82908011,6.35130400
4.82974711,6.40424400
4.83041411,6.39838100
4.83108111,6.42582200
4.83174811,6.55388100
4.83241511,6.57864100
4.83308211,6.67921800
4.83374911,6.80722500
4.83441611,6.98836800
4.83508311,7.06154300
4.83575011,7.16673500
4.83641711,7.08609800
4.83708411,7.08248900
4.83775111,7.26069300
4.83841811,7.28354000
4.83908511,7.43889800
4.83975211,7.51200700
4.84041911,7.38863500
4.84108611,7.34510300
4.84175311,7.27105300
4.84242011,7.29850800
4.84308711,7.45254400
4.84375411,7.57763600
4.84442111,7.60051500
4.84508811,7.49984600
4.84575511,7.51889800
4.84642211,7.46858900
4.84708911,7.62098400
4.84775611,7.74047500
4.84842311,7.71762800
4.84909011,7.76789100
4.84975711,7.89985600
4.85042411,7.87563400
4.85109111,7.75609500
4.85175811,7.82532500
4.85242511,7.71762800
4.85309211,7.81815400
4.85375911,8.04334100
4.85442611,8.12098800
4.85509311,8.32992100
4.85576011,8.35276700
4.85642711,8.32992100
4.85709411,8.35702300
4.85776111,8.31012000
4.85842811,8.41073800
4.85909511,8.38787000
4.85976211,8.40731200
4.86042911,8.40731200
4.86109611,8.32992100
4.86176311,8.35276700
4.86243011,8.38445300
4.86309711,8.38445300
4.86376411,8.38445300
4.86443111,8.56623700
4.86509811,8.53531900
4.86576511,8.50812500
4.86643211,8.58123500
4.86709911,8.62797800
4.86776611,8.86453300
4.86843311,8.96962700
4.86910011,8.92297500
4.86976711,8.92297500
4.87043411,8.76390200
4.87110111,8.80611000
4.87176811,8.85635300
4.87243511,8.80611000
4.87310211,8.78327400
4.87376911,8.81419100
4.87443611,8.86453300
4.87510311,8.86092000
4.87577011,8.58123500
4.87643711,8.45786200
4.87710411,8.61303700
4.87777111,8.59347900
4.87843811,8.89553300
4.87910511,8.89553300
4.87977211,8.74905800
4.88043911,8.72160300
4.88110611,8.77193600
4.88177311,8.87260600
4.88244011,8.86809200
4.88310711,8.89553300
4.88377411,8.92297500
4.88444111,8.86905100
4.88510811,8.91479700
4.88577511,8.90298600
4.88644211,8.87560600
4.88710911,8.94861300
4.88777611,8.99878400
4.88844311,9.13487700
4.88911011,8.98424300
4.88977711,8.98790600
4.89044411,8.96962700
4.89111111,8.91840100
4.89177811,9.07020500
4.89244511,9.01991600
4.89311211,8.93764400
4.89377911,8.98424300
4.89444611,8.96140500
4.89511311,8.98790600
4.89578011,8.91933900
4.89644711,8.86809200
4.89711411,8.89553300
4.89778111,8.84972700
4.89844811,8.90006200
4.89911511,8.89553300
4.89978211,8.84522300
4.90044911,8.91022800
4.90111611,9.00705300
4.90178311,9.15770400
4.90245011,9.08472700
4.90311711,9.01532200
4.90378411,8.96962700
4.90445111,8.81419100
4.90511811,8.83711800
4.90578511,8.82901200
4.90645211,8.77879600
4.90711911,8.72501700
4.90778611,8.70118800
4.90845311,8.73659200
4.90912011,8.81419100
4.90978711,8.81778200
4.91045411,8.91933900
4.91112111,8.91479700
4.91178811,8.75943900
4.91245511,8.64046700
4.91312211,8.43474200
4.91378911,8.28725200
4.91445611,8.31012000
4.91512311,8.40731200
4.91579011,8.48503000
4.91645711,8.63606600
4.91712411,8.58123500
4.91779111,8.45760100
4.91845811,8.43044600
4.91912511,8.15171600
4.91979211,8.11684800
4.92045911,8.14091600
4.92112611,8.16706400
4.92179311,8.39532300
4.92246011,8.50465700
4.92312711,8.53097200
4.92379411,8.45760100
4.92446111,8.20615900
4.92512811,8.02786300
4.92579511,7.93051600
4.92646211,7.89985600
4.92712911,7.97757400
4.92779611,8.00369400
4.92846311,7.95014400
4.92913011,7.87563400
4.92979711,7.72864000
4.93046411,7.62409000
4.93113111,7.58968500
4.93179811,7.48916100
4.93246511,7.48610700
4.93313211,7.53635000
4.93379911,7.54326500
4.93446611,7.63994900
4.93513311,7.66736500
4.93580011,7.61710300
4.93646711,7.61399700
4.93713411,7.66033200
4.93780111,7.81098300
4.93846811,7.80779600
4.93913511,7.70740300
4.93980211,7.53635000
4.94046911,7.35821800
4.94113611,7.23327700
4.94180311,7.10895600
4.94247011,7.00480900
4.94313711,6.52045900
4.94380411,6.50092300
4.94447111,6.51780100
4.94513811,6.51780100
4.94580511,6.72333800
4.94647211,6.77358000
4.94713911,6.72607900
4.94780611,6.65178800
4.94847311,6.67921800
4.94914011,6.59813700
4.94980711,6.60150000
4.95047411,6.41731600
4.95114111,6.69593200
4.95180811,6.62285200
4.95247511,6.36382800
4.95314211,6.46755800
4.95380911,6.21177900
4.95447611,6.16153700
4.95514311,6.31361100
4.95581011,6.20607900
4.95647711,6.10817900
4.95714411,6.01081000
4.95781111,5.80764100
4.95847811,5.71002300
4.95914511,5.42838500
4.95981211,5.32568700
4.96047911,5.32785900
4.96114611,5.35343200
4.96181311,5.38305500
4.96248011,5.28243700
4.96314711,5.15227800
4.96381411,5.02427200
4.96448111,5.05170200
4.96514811,4.97145000
4.96581511,5.02427200
4.96648211,5.12223800
4.96714911,5.06990900
4.96781611,5.12223800
4.96848311,5.19991700
4.96915011,5.04455900
4.96981711,5.04455900
4.97048411,5.02171300
4.97115111,4.89177600
4.97181811,4.84153400
4.97248511,4.89377100
4.97315211,4.89626500
4.97381911,4.84795100
4.97448611,4.86883400
4.97515311,4.74298300
4.97582011,4.71556600
4.97648711,4.69080700
4.97715411,4.76583000
4.97782111,4.74298300
4.97848811,4.69272000
4.97915511,4.59183300
4.97982211,4.41571100
4.98048911,4.41571100
4.98115611,4.26253800
4.98182311,4.21051400
4.98249011,4.15353700
4.98315711,4.15353700
4.98382411,4.18308400
4.98449111,4.18095300
4.98515811,4.05301100
4.98582511,4.00274800
4.98649211,4.12900600
4.98715911,4.05135900
4.98782611,4.23121500
4.98849311,4.23121500
4.98916011,4.10327400
4.98982711,4.10327400
4.99049411,4.04929400
4.99116111,3.97168600
4.99182811,3.97168600
4.99249511,4.02646800
4.99316211,3.97990200
4.99382911,4.10327400
4.99449611,4.05301100
4.99516311,4.05301100
4.99583011,3.97990200
4.99649711,3.87480700
4.99716411,3.90222300
4.99783111,3.80169700
4.99849811,3.77274200
4.99916511,3.74990500
4.99983211,3.72401800
5.00049911,3.85196000
5.00116611,3.90222300
5.00183311,3.64633900
5.00250011,3.59607600
5.00316711,3.59607600
5.00383411,3.61744800
5.00450111,3.82298400
5.00516811,3.94886000
5.00583511,3.86967300
5.00650211,3.89864300
5.00716911,3.82103600
5.00783611,3.69321100
5.00850311,3.64485300
5.00917011,3.57323000
5.00983711,3.59607600
5.01050411,3.57505100
5.01117111,3.64968400
5.01183811,3.67712500
5.01250511,3.59937500
5.01317211,3.64819700
5.01383911,3.64633900
5.01450611,3.62533900
5.01517311,3.72743400
5.01584011,3.75487500
5.01650711,3.67899700
5.01717411,3.75334500
5.01784111,3.62681600
5.01850811,3.62866300
5.01917511,3.67899700
5.01984211,3.75221100
5.02050911,3.90421100
5.02117611,3.90222300
5.02184311,3.95087400
5.02251011,3.92146900
5.02317711,3.91986900
5.02384411,3.92146900
5.02451111,3.87125300
5.02517811,3.82454300
5.02584511,3.82805200
5.02651211,3.95449900
5.02717911,3.95611100
5.02784611,4.05507700
5.02851311,4.05301100
5.02918011,3.90222300
5.02984711,3.79712800
5.03051411,3.66918600
5.03118111,3.66918600
5.03184811,3.77620400
5.03251511,4.00274800
5.03318211,4.03016500
5.03384911,4.15810600
5.03451611,4.28604800
5.03518311,4.33852000
5.03585011,4.38880900
5.03651711,4.39059700
5.03718411,4.26080200
5.03785111,4.28366000
5.03851811,4.31284700
5.03918511,4.31109000
5.03985211,4.38880900
5.04051911,4.28366000
5.04118611,4.38657300
5.04185311,4.33394900
5.04252011,4.33174100
5.04318711,4.40762200
5.04385411,4.38200400
5.04452111,4.53736200
5.04518811,4.53967400
5.04585511,4.54152400
5.04652211,4.59183300
5.04718911,4.56896500
5.04785611,4.56896500
5.04852311,4.64025100
5.04919011,4.76583000
5.04985711,4.84350800
5.05052411,4.81412900
5.05119111,4.94403400
5.05185811,4.96941200
5.05252511,5.17250200
5.05319211,5.35343200
5.05385911,5.39876700
5.05452611,5.44623100
5.05519311,5.32297300
5.05586011,5.34579800
5.05652711,5.27302600
5.05719411,5.30044300
5.05786111,5.30044300
5.05852811,5.35070600
5.05919511,5.45123100
5.05986211,5.38086200
5.06052911,5.35561400
5.06119611,5.38305500
5.06186311,5.30530500
5.06253011,5.35561400
5.06319711,5.45623200
5.06386411,5.56142300
5.06453111,5.61173200
5.06519811,5.63460000
5.06586511,5.63230500
5.06653211,5.60944700
5.06719911,5.68195100
5.06786611,5.83267800
5.06853311,6.01081000
5.06920011,6.11378700
5.06986711,6.19462100
5.07053411,6.24172900
5.07120111,6.29199100
5.07186811,6.26339400
5.07253511,6.33643700
5.07320211,6.36382800
5.07386911,6.31103500
5.07453611,6.38991200
5.07520311,6.41731600
5.07587011,6.41731600
5.07653711,6.44472100
5.07720411,6.59544800
5.07787111,6.56804300
5.07853811,6.51780100
5.07920511,6.55121100
5.07987211,6.39577500
5.08053911,6.34807200
5.08120611,6.50688300
5.08187311,6.55388100
5.08254011,6.60150000
5.08320711,6.85751400
5.08387411,6.90428400
5.08454111,7.05866700
5.08520811,6.96092600
5.08587511,6.95809000
5.08654211,7.00837900
5.08720911,6.95809000
5.08787611,7.23327700
5.08854311,7.31095600
5.08921011,7.28354000
5.08987711,7.40846100
5.09054411,7.43889800
5.09121111,7.31468100
5.09187811,7.29393200
5.09254511,7.27401300
5.09321211,7.19326300
5.09387911,7.24359800
5.09454611,7.29022100
5.09521311,7.44572100
5.09588011,7.52730100
5.09654711,7.49984600
5.09721411,7.57763600
5.09788111,7.52272600
5.09854811,7.64695600
5.09921511,7.82213800
5.09988211,7.92271400
5.10054911,7.95014400
5.10121611,7.95014400
5.10188311,7.94609500
5.10255011,7.91867900
5.10321711,7.89261300
5.10388411,7.89261300
5.10455111,7.97300200
5.10521811,8.04662000
5.10588511,8.19863500
5.10655211,8.30250500
5.10721911,8.39960500
5.10788611,8.32652500
5.10855311,8.17872700
5.10922011,8.15129900
5.10988711,7.95338400
5.11055411,8.00776800
5.11122111,8.00776800
5.11188811,8.05810200
5.11255511,8.05400200
5.11322211,8.02786300
5.11388911,8.17456200
5.11455611,8.12430000
5.11522311,8.25224100
5.11589011,8.30673500
5.11655711,8.28267900
5.11722411,8.38445300
5.11789111,8.30673500
5.11855811,8.32992100
5.11922511,8.38018200
5.11989211,8.50812500
5.12055911,8.66332500
5.12122611,8.77193600
5.12189311,8.86905100
5.12256011,8.79133300
5.12322711,8.83711800
5.12389411,8.82901200
5.12456111,8.83711800
5.12522811,8.66332500
5.12589511,8.67126800
5.12656211,8.52373300
5.12722911,8.44591100
5.12789611,8.49626600
5.12856311,8.54314400
5.12923011,8.56274800
5.12989711,8.53531900
5.13056411,8.58560800
5.13123111,8.58560800
5.13189811,8.82227100
5.13256511,8.92751700
5.13323211,9.10597600
5.13389911,9.07852100
5.13456611,8.92297500
5.13523311,8.84522300
5.13590011,8.66685600
5.13656711,8.76390200
5.13723411,8.86809200
5.13790111,8.94219800
5.13856811,9.04277400
5.13923511,8.99248700
5.13990211,9.03816900
5.14056911,9.01991600
5.14123611,8.93764400
5.14190311,8.79491500
5.14257011,8.71716500
5.14323711,8.69075600
5.14390411,8.64046700
5.14457111,8.75943900
5.14523811,8.69075600
5.14590511,8.61303700
5.14657211,8.61303700
5.14723911,8.56274800
5.14790611,8.63606600
5.14857311,8.56274800
5.14924011,8.66685600
5.14990711,8.69429700
5.15057411,8.79491500
5.15124111,8.86905100
5.15190811,8.68633000
5.15257511,8.39960500
5.15324211,8.11684800
5.15390911,8.16706400
5.15457611,8.32228000
5.15524311,8.52314700
5.15591011,8.65538300
5.15657711,8.60865000
5.15724411,8.56274800
5.15791111,8.53531900
5.15857811,8.41502000
5.15924511,8.38787000
5.15991211,8.30673500
5.16057911,8.05400200
5.16124611,8.05072100
5.16191311,7.95338400
5.16258011,7.80642900
5.16324711,7.95743300
5.16391411,7.93051600
5.16458111,7.98082400
5.16524811,8.05072100
5.16591511,8.07403700
5.16658211,8.02377400
5.16724911,8.07074500
5.16791611,8.14839300
5.16858311,8.15171600
5.16925011,8.20197900
5.16991711,8.17122900
5.17058411,8.09688400
5.17125111,8.04334100
5.17191811,8.09688400
5.17258511,7.87563400
5.17325211,7.84956700
5.17391911,7.74757500
5.17458611,7.64384200
5.17525311,7.71762800
5.17592011,7.69021200
5.17658711,7.72156000
5.17725411,7.67439800
5.17792111,7.67830500
5.17858811,7.65854200
5.17925511,7.39917700
5.17992211,7.19326300
5.18058911,7.14292900
5.18125611,6.98735000
5.18192311,7.06513900
5.18259012,7.21704400
5.18325712,7.26439200
5.18392412,7.33837200
5.18459112,7.41148200
5.18525812,7.33837200
5.18592512,7.21410400
5.18659212,7.15924500
5.18725912,7.08248900
5.18792612,6.95454600
5.18859312,6.85122700
5.18926012,6.84773400
5.18992712,6.82034400
5.19059412,6.84317000
5.19126112,6.89795100
5.19192812,6.72333800
5.19259512,6.57072200
5.19326212,6.57407000
5.19392912,6.44606300
5.19459612,6.52644000
5.19526312,6.57407000
5.19593012,6.31226400
5.19659712,6.21177900
5.19726412,6.03364700
5.19793112,5.93013800
5.19859812,6.08637000
5.19926512,6.16405000
5.19993212,6.16153700
5.20059912,6.26776800
5.20126612,6.14433200
5.20193312,6.03918300
5.20260012,5.91574900
5.20326712,5.73453100
5.20393412,5.82970500
5.20460112,5.80231400
5.20526812,5.98340500
5.20593512,6.01081000
5.20660212,5.76031200
5.20726912,5.68948200
5.20793612,5.40592300
5.20860312,5.27786400
5.20927012,5.33274700
5.20993712,5.30044300
5.21060412,5.34852500
5.21127112,5.24804000
5.21193812,5.19514800
5.21260512,5.01966600
5.21327212,4.93949900
5.21393912,4.96942300
5.21460612,4.97145000
5.21527312,5.09939200
5.21594012,5.04918700
5.21660712,5.09949600
5.21727412,5.09741900
5.21794112,5.07197600
5.21860812,5.01966600
5.21927512,4.88928300
5.21994212,4.81167500
5.22060912,4.69080700
5.22127612,4.86189100
5.22194312,5.03993300
5.22261012,5.03787600
5.22327712,5.14283100
5.22394412,4.93949900
5.22461112,4.73863300
5.22527812,4.74298300
5.22594512,4.64025100
5.22661212,4.58762500
5.22727912,4.38880900
5.22794612,4.20836900
5.22861312,4.13069000
5.22928012,4.03016500
5.22994712,4.05135900
5.23061412,4.03016500
5.23128112,4.05135900
5.23194812,4.18095300
5.23261512,4.20836900
5.23328212,4.27973300
5.23394912,4.27973300
5.23461612,4.27973300
5.23528312,4.25689600
5.23595012,4.10160200
5.23661712,4.05301100
5.23728412,4.05135900
5.23795112,4.12900600
5.23861812,4.20380000
5.23928512,4.22733400
5.23995212,4.12900600
5.24061912,4.09951100
5.24128612,4.07668400
5.24195312,3.90063200
5.24262012,3.90063200
5.24328712,3.77620400
5.24395412,3.69660200
5.24462112,3.80363400
5.24528812,3.72591600
5.24595512,3.64633900
5.24662212,3.69848600
5.24728912,3.67225800
5.24795612,3.72401800
5.24862312,3.82454300
5.24929012,3.62201500
5.24995712,3.56866000
5.25062412,3.49412600
5.25129112,3.59277800
5.25195812,3.69321100
5.25262512,3.72060300
5.25329212,3.85039000
5.25395912,3.74533700
5.25462612,3.85039000
5.25529312,3.95087400
5.25596012,3.94886000
5.25662712,3.87480700
5.25729412,3.82454300
5.25796112,3.74686500
5.25862812,3.62349200
5.25929512,3.69660200
5.25996212,3.75143400
5.26062912,3.75334500
5.26129612,3.82649200
5.26196312,3.75334500
5.26263012,3.59790900
5.26329712,3.54762000
5.26396412,3.45020400
5.26463112,3.57650700
5.26529812,3.60120700
5.26596512,3.69999300
5.26663212,3.77428100
5.26729912,3.72401800
5.26796612,3.79712800
5.26863312,3.72591600
5.26930012,3.77620400
5.26996712,3.90421100
5.27063412,4.05507700
5.27130112,4.13279500
5.27196812,4.23509700
5.27263512,4.10536500
5.27330212,3.97735800
5.27396912,4.00274800
5.27463612,4.07876400
5.27530312,4.13447900
5.27597012,4.13069000
5.27663712,4.08250700
5.27730412,4.05672900
5.27797112,4.23121500
5.27863812,4.28997900
5.27930512,4.28997900
5.27997212,4.16403900
5.28063912,4.16573400
5.28130612,4.16192000
5.28197312,4.18308400
5.28264012,4.33454300
5.28330712,4.25689600
5.28397412,4.46195600
5.28464112,4.26080200
5.28530812,4.16022500
5.28597512,4.13279500
5.28664212,4.20836900
5.28730912,4.53967400
5.28797612,4.69053900
5.28864312,4.92118700
5.28931012,4.89377100
5.28997712,4.99226000
5.29064412,5.01710700
5.29131112,4.93949900
5.29197812,4.88728700
5.29264512,4.76145800
5.29331212,4.71796900
5.29397912,4.85041900
5.29464612,4.67433700
5.29531312,4.80448100
5.29598012,4.85041900
5.29664712,4.82051000
5.29731412,5.07662900
5.29798112,5.10199000
5.29864812,5.07662900
5.29931512,5.15227800
5.29998212,5.19991700
5.30064912,5.09274600
5.30131612,5.22063500
5.30198312,5.14965400
5.30265012,5.28028500
5.30331712,5.40372100
5.30398412,5.45123100
5.30465112,5.65685300
5.30531812,5.65685300
5.30598512,5.83505700
5.30665212,5.85790300
5.30731912,5.80527400
5.30798612,5.86088800
5.30865312,5.89071800
5.30932012,5.96846800
5.30998712,5.97150700
5.31065412,5.86327600
5.31132112,5.92117200
5.31198812,5.92117200
5.31265512,5.97150700
5.31332212,6.04472000
5.31398912,6.06661400
5.31465612,6.11939500
5.31532312,6.19714500
5.31599012,6.31940700
5.31665712,6.29519700
5.31732412,6.44606300
5.31799112,6.59813700
5.31865812,6.63163100
5.31932512,6.77979600
5.31999212,6.77979600
5.32065912,6.70480800
5.32132612,6.72950700
5.32199312,6.75236500
5.32266012,6.80375800
5.32332712,6.92713100
5.32399412,7.13638600
5.32466112,7.08609800
5.32532812,7.05866700
5.32599512,7.13929400
5.32666212,6.95809000
5.32732912,7.08898500
5.32799612,7.22439200
5.32866312,7.17038400
5.32933012,7.27105300
5.32999712,7.34426600
5.33066412,7.26439200
5.33133112,7.23327700
5.33199812,7.38105500
5.33266512,7.37729300
5.33333212,7.35446700
5.33399912,7.45490000
5.33466612,7.48610700
5.33533312,7.79927800
5.33600012,7.92271400
5.33666712,8.05072100
5.33733412,8.00369400
5.33800112,7.82213800
5.33866812,8.05529200
5.33933512,8.05857500
5.34000212,8.15586900
5.34066912,8.07815100
5.34133612,7.98082400
5.34200312,7.89583300
5.34267012,7.94609500
5.34333712,7.84556900
5.34400412,7.74504400
5.34467112,7.85276600
5.34533812,7.85276600
5.34600512,7.95338400
5.34667212,8.05072100
5.34733912,8.02786300
5.34800612,7.97757400
5.34867312,8.20615900
5.34934012,8.25644600
5.35000712,8.38445300
5.35067412,8.38445300
5.35134112,8.27508800
5.35200812,8.32992100
5.35267512,8.35276700
5.35334212,8.42700900
5.35400912,8.57773700
5.35467612,8.65891400
5.35534312,8.70562600
5.35601012,8.88738100
5.35667712,8.86453300
5.35734412,8.78327400
5.35801112,8.62797800
5.35867812,8.53097200
5.35934512,8.43474200
5.36001212,8.69872400
5.36067912,8.83044100
5.36134612,8.83044100
5.36201312,8.90368500
5.36268012,8.62093400
5.36334712,8.57059900
5.36401412,8.54314400
5.36468112,8.53879700
5.36534812,8.68618400
5.36601512,8.71361400
5.36668212,8.78685600
5.36734912,8.85996400
5.36801612,8.80970200
5.36868312,8.86453300
5.36935012,8.88738100
5.37001712,8.91479700
5.37068412,8.96505900
5.37135112,9.03448500
5.37201812,9.03448500
5.37268512,8.98790600
5.37335212,8.99248700
5.37401912,8.84522300
5.37468612,8.81778200
5.37535312,8.76390200
5.37602012,8.68176000
5.37668712,8.81419100
5.37735412,8.84522300
5.37802112,8.87260600
5.37868812,8.90368500
5.37935512,8.84522300
5.38002212,8.82235600
5.38068912,8.84522300
5.38135612,8.81419100
5.38202312,8.80970200
5.38269012,8.75943900
5.38335712,8.75943900
5.38402412,8.96505900
5.38469112,8.99248700
5.38535812,9.14326400
5.38602512,9.08929400
5.38669212,8.88375800
5.38735912,8.96505900
5.38802612,8.93400000
5.38869312,9.13953600
5.38936012,9.16694300
5.39002712,9.00337800
5.39069412,9.03905200
5.39136112,8.80611000
5.39202812,8.80970200
5.39269512,9.10134200
5.39336212,8.96962700
5.39402912,8.73659200
5.39469612,8.68278900
5.39536312,8.38018200
5.39603012,8.33416500
5.39669712,8.63941500
5.39736412,8.72160300
5.39803112,8.84162000
5.39869812,8.84162000
5.39936512,8.89553300
5.40003212,8.94584200
5.40069912,8.84522300
5.40136612,8.84972700
5.40203312,8.89553300
5.40270012,8.81419100
5.40336712,8.86905100
5.40403412,8.93400000
5.40470112,8.85640300
5.40536812,8.80162100
5.40603512,8.60075400
5.40670212,8.62006100
5.40736912,8.52314700
5.40803612,8.55053700
5.40870312,8.73303100
5.40937012,8.48503000
5.41003712,8.38787000
5.41070412,8.18206000
5.41137112,8.05400200
5.41203812,8.15919300
5.41270512,8.10431100
5.41337212,8.20950200
5.41403912,8.17872700
5.41470612,8.07815100
5.41537312,8.15129900
5.41604012,8.05400200
5.41670712,8.08144300
5.41737412,8.18206000
5.41804112,8.15171600
5.41870812,8.25224100
5.41937512,8.22147200
5.42004212,8.11353600
5.42070912,8.08615600
5.42137612,7.93151800
5.42204312,7.88537100
5.42271012,7.88859000
5.42337712,7.89261300
5.42404412,7.91141600
5.42471112,7.79212900
5.42537812,7.56375500
5.42604512,7.38562300
5.42671212,7.28354000
5.42737912,7.26069300
5.42804612,7.41148200
5.42871312,7.36497000
5.42938012,7.34211200
5.43004712,7.23696300
5.43071412,7.03580900
5.43138112,7.00480900
5.43204812,7.00480900
5.43271512,6.97454900
5.43338212,7.15268100
5.43404912,7.10243900
5.43471612,7.07503400
5.43538312,6.97454900
5.43605012,6.77358000
5.43671712,7.02479100
5.43738412,6.95171200
5.43805112,7.08248900
5.43871812,7.05219600
5.43938512,6.77358000
5.44005212,6.74617500
5.44071912,6.56469500
5.44138612,6.46755800
5.44205312,6.41404400
5.44272012,6.13870000
5.44338712,6.01081000
5.44405412,6.03364700
5.44472112,5.93558200
5.44538812,5.96299800
5.44605512,5.96299800
5.44672212,5.78774100
5.44738912,5.63460000
5.44805612,5.61173200
5.44872312,5.61458900
5.44939012,5.58429100
5.45005712,5.63460000
5.45072412,5.65973500
5.45139112,5.57917300
5.45205812,5.55632600
5.45272512,5.55406100
5.45339212,5.42617200
5.45405912,5.57689900
5.45472612,5.67448900
5.45539312,5.65166400
5.45606012,5.75209700
5.45672712,5.54896500
5.45739412,5.39601500
5.45806112,5.24804000
5.45872812,5.12223800
5.45939512,5.04713000
5.46006212,5.02427200
5.46072912,4.97145000
5.46139612,4.89177600
5.46206312,4.81412900
5.46273012,4.71556600
5.46339712,4.69511100
5.46406412,4.61739300
5.46473112,4.66768100
5.46539812,4.61316000
5.46606512,4.55602600
5.46673212,4.55835000
5.46739912,4.58341700
5.46806612,4.68623900
5.46873312,4.78428400
5.46940012,4.83709100
5.47006712,4.83906600
5.47073412,4.81167500
5.47140112,4.68623900
5.47206812,4.63599700
5.47273512,4.50810800
5.47340212,4.48298400
5.47406912,4.43502800
5.47473612,4.48709900
5.47540312,4.21051400
5.47607012,4.13447900
5.47673712,4.10327400
5.47740412,3.69321100
5.47807112,3.91986900
5.47873812,3.84229300
5.47940512,3.79558000
5.48007212,4.03016500
5.48073912,3.98193000
5.48140612,3.90421100
5.48207312,3.95248500
5.48274012,4.03016500
5.48340712,4.12900600
5.48407412,4.18095300
5.48474112,4.16022500
5.48540812,4.05507700
5.48607512,3.98193000
5.48674212,4.00111700
5.48740912,4.04929400
5.48807612,4.07668400
5.48874312,4.07502100
5.48941012,3.94724900
5.49007712,3.84685700
5.49074412,3.81947600
5.49141112,3.72250000
5.49207812,3.56866000
5.49274512,3.49555100
5.49341212,3.46990200
5.49407912,3.56866000
5.49474612,3.74686500
5.49541312,3.77620400
5.49608012,3.74877400
5.49674712,3.64819700
5.49741412,3.64968400
5.49808112,3.62533900
5.49874812,3.54581400
5.49941512,3.54762000
5.50008212,3.54581400
5.50074912,3.57047900
5.50141612,3.62681600
5.50208312,3.62533900
5.50275012,3.59790900
5.50341712,3.69848600
5.50408412,3.85392300
5.50475112,3.95248500
5.50541812,4.10536500
5.50608512,4.08250700
5.50675212,3.87678100
5.50741912,3.85549400
5.50808612,3.74877400
5.50875312,3.74686500
5.50942012,3.87480700
5.51008712,3.92707000
5.51075412,3.90580200
5.51142112,3.95449900
5.51208812,3.95248500
5.51275512,3.82298400
5.51342212,3.84842700
5.51408912,3.74533700
5.51475612,3.69848600
5.51542312,3.80061100
5.51609012,3.75221100
5.51675712,3.80712200
5.51742412,3.85392300
5.51809112,3.80169700
5.51875812,4.00111700
5.51942512,4.02852200
5.52009212,4.05301100
5.52075912,4.25863200
5.52142612,4.25863200
5.52209312,4.25863200
5.52276012,4.40762200
5.52342712,4.26080200
5.52409412,4.26080200
5.52476112,4.26080200
5.52542812,4.13447900
5.52609512,4.23337200
5.52676212,3.80061100
5.52742912,3.93227000
5.52809612,3.88191500
5.52876312,3.83156000
5.52943012,4.23897800
5.53009712,4.23509700
5.53076412,4.46604600
5.53143112,4.46604600
5.53209812,4.54614800
5.53276512,4.59650900
5.53343212,4.59183300
5.53409912,4.71796900
5.53476612,4.63788800
5.53543312,4.56710400
5.53610012,4.48938600
5.53676712,4.46195600
5.53743412,4.74540000
5.53810112,4.94403400
5.53876812,4.99429700
5.53943512,4.92118700
5.54010212,4.81167500
5.54076912,4.86893800
5.54143612,4.89377100
5.54210312,4.99684100
5.54277012,4.84795100
5.54343712,4.84795100
5.54410412,4.92570100
5.54477112,4.99684100
5.54543812,5.22755500
5.54610512,5.20256700
5.54677212,5.22542600
5.54743912,5.28270000
5.54810612,5.30800600
5.54877312,5.23234600
5.54944012,5.36052200
5.55010712,5.48144000
5.55077412,5.48144000
5.55144112,5.65973500
5.55210812,5.75737800
5.55277512,5.80764100
5.55344212,5.93558200
5.55410912,5.96056700
5.55477612,5.93558200
5.55544312,5.88292000
5.55611012,5.86008300
5.55677712,5.91273600
5.55744412,5.86546000
5.55811112,5.89071800
5.55877812,5.91815900
5.55944512,5.91574900
5.56011212,5.91273600
5.56077912,5.88831800
5.56144612,5.99133600
5.56211312,5.97150700
5.56278012,6.14683600
5.56344712,6.09652700
5.56411412,6.02184100
5.56478112,6.04472000
5.56544812,6.04718100
5.56611512,6.17535700
5.56678212,6.30096900
5.56744912,6.50357200
5.56811612,6.55121100
5.56878312,6.65449900
5.56945012,6.75236500
5.57011712,6.73224900
5.57078412,6.91061700
5.57145112,7.07960200
5.57211812,7.17642500
5.57278512,7.20381600
5.57345212,7.09881800
5.57411912,7.03580900
5.57478612,7.01480400
5.57545312,7.11642600
5.57612012,7.06513900
5.57678712,7.13638600
5.57745412,7.08609800
5.57812112,7.00837900
5.57878812,7.03867600
5.57945512,7.04226000
5.58012212,6.96092600
5.58078912,7.01123500
5.58145612,7.08609800
5.58212312,7.13275100
5.58279012,7.28354000
5.58345712,7.38863500
5.58412412,7.41148200
5.58479112,7.41148200
5.58545812,7.66736500
5.58612512,7.61710300
5.58679212,7.66736500
5.58745912,7.87242600
5.58812612,7.77184900
5.58879312,7.89985600
5.58946012,7.95014400
5.59012712,7.84956700
5.59079412,7.87563400
5.59146112,7.80245700
5.59212812,7.87563400
5.59279512,7.82213800
5.59346212,7.84556900
5.59412912,7.97757400
5.59479612,7.94609500
5.59546312,8.08144300
5.59613012,8.08144300
5.59679712,8.08144300
5.59746412,8.08967100
5.59813112,8.08144300
5.59879812,8.16334700
5.59946512,8.18622600
5.60013212,8.33756200
5.60079912,8.33756200
5.60146612,8.23236900
5.60213312,8.18206000
5.60280012,8.15919300
5.60346712,8.28267900
5.60413412,8.43474200
5.60480112,8.67822100
5.60546812,8.70562600
5.60613512,8.60865000
5.60680212,8.45760100
5.60746912,8.34180600
5.60813612,8.39213900
5.60880312,8.46993000
5.60947012,8.59347900
5.61013712,8.56623700
5.61080412,8.53879700
5.61147112,8.48848800
5.61213812,8.40731200
5.61280512,8.48848800
5.61347212,8.41073800
5.61413912,8.51246100
5.61480612,8.61303700
5.61547312,8.71361400
5.61614012,8.79491500
5.61680712,8.68972400
5.61747412,8.66685600
5.61814112,8.63589600
5.61880812,8.68633000
5.61947512,8.84162000
5.62014212,8.86809200
5.62080912,8.94219800
5.62147612,8.96505900
5.62214312,8.88375800
5.62281012,8.90298600
5.62347712,8.85183800
5.62414412,8.90662000
5.62481112,8.92944600
5.62547812,8.93764400
5.62614512,8.79133300
5.62681212,8.66685600
5.62747912,8.61654700
5.62814612,8.60865000
5.62881312,8.80162100
5.62948012,8.77521300
5.63014712,8.95318100
5.63081412,8.82901200
5.63148112,8.70562600
5.63214812,8.78685600
5.63281512,8.70562600
5.63348213,8.86092000
5.63414913,8.88375800
5.63481613,8.80611000
5.63548313,8.78685600
5.63615013,8.78327400
5.63681713,8.80611000
5.63748413,8.97599900
5.63815113,9.05357400
5.63881813,8.97966300
5.63948513,8.95683600
5.64015213,8.83711800
5.64081913,8.61303700
5.64148613,8.63589600
5.64215313,8.58560800
5.64282013,8.58560800
5.64348713,8.71361400
5.64415413,8.69429700
5.64482113,8.69872400
5.64548813,8.59347900
5.64615513,8.48848800
5.64682213,8.41073800
5.64748913,8.41073800
5.64815613,8.25981000
5.64882313,8.23236900
5.64949013,8.22901600
5.65015713,8.10100900
5.65082413,8.32535200
5.65149113,8.32535200
5.65215813,8.40303000
5.65282513,8.20197900
5.65349213,8.17872700
5.65415913,8.38787000
5.65482613,8.28267900
5.65549313,8.46104600
5.65616013,8.40731200
5.65682713,8.15586900
5.65749413,8.12844000
5.65816113,8.02786300
5.65882813,7.98082400
5.65949513,7.95014400
5.66016213,7.85676400
5.66082913,7.80642900
5.66149613,7.54633900
5.66216313,7.46858900
5.66283013,7.49297700
5.66349713,7.54326500
5.66416413,7.75214800
5.66483113,7.70118400
5.66549813,7.62797100
5.66616513,7.64695600
5.66683213,7.54633900
5.66749913,7.62098400
5.66816613,7.61710300
5.66883313,7.53942300
5.66950013,7.48916100
5.67016713,7.38863500
5.67083413,7.61710300
5.67150113,7.58968500
5.67216813,7.51351200
5.67283513,7.48610700
5.67350213,7.07960200
5.67416913,7.05507200
5.67483613,7.10700600
5.67550313,6.97911700
5.67617013,6.97911700
5.67683713,6.85122700
5.67750413,6.79918900
5.67817113,6.83008400
5.67883813,6.85573500
5.67950513,6.82660500
5.68017213,6.69866300
5.68083913,6.57072200
5.68150613,6.54520600
5.68217313,6.60150000
5.68284013,6.57674900
5.68350713,6.65178800
5.68417413,6.62435800
5.68484113,6.44472100
5.68550813,6.41142700
5.68617513,6.23345900
5.68684213,6.05796200
5.68750913,6.28942600
5.68817613,6.24172900
5.68884313,6.28942600
5.68951013,6.38861100
5.69017713,6.10257100
5.69084413,6.10257100
5.69151113,6.05549000
5.69217813,5.93316300
5.69284513,5.88531900
5.69351213,5.71002300
5.69417913,5.60944700
5.69484613,5.53172800
5.69551313,5.58201600
5.69618013,5.62943600
5.69684713,5.55632600
5.69751413,5.47641400
5.69818113,5.24804000
5.69884813,5.14755500
5.69951513,5.17039300
5.70018213,5.22063500
5.70084913,5.29558100
5.70151613,5.32112000
5.70218313,5.32112000
5.70285013,5.16775700
5.70351713,5.22063500
5.70418413,5.29558100
5.70485113,5.26819000
5.70551813,5.27087700
5.70618513,5.19514800
5.70685213,5.09274600
5.70751913,5.06990900
5.70818613,5.06990900
5.70885313,5.04713000
5.70952013,5.04713000
5.71018713,4.94655300
5.71085413,4.79764200
5.71152113,4.61739300
5.71218813,4.36137900
5.71285513,4.26080200
5.71352213,4.31109000
5.71418913,4.43909700
5.71485613,4.54152400
5.71552313,4.56896500
5.71619013,4.63788800
5.71685713,4.58762500
5.71752413,4.51037500
5.71819113,4.43095800
5.71885813,4.30494300
5.71952513,4.35515900
5.72019213,4.43276700
5.72085913,4.58575500
5.72152613,4.61316000
5.72219313,4.38255000
5.72286013,4.38255000
5.72352713,4.25472500
5.72419413,4.17711800
5.72486113,4.23121500
5.72552813,4.13069000
5.72619513,3.97533200
5.72686213,4.02559500
5.72752913,3.87678100
5.72819613,3.77774300
5.72886313,3.85392300
5.72953013,3.82649200
5.73019713,3.92507000
5.73086413,3.95248500
5.73153113,3.98193000
5.73219813,4.00478800
5.73286513,3.95248500
5.73353213,3.90063200
5.73419913,3.90222300
5.73486613,3.77620400
5.73553313,3.69660200
5.73620013,3.75143400
5.73686713,3.85039000
5.73753413,3.99907700
5.73820113,4.17924800
5.73886813,4.15184400
5.73953513,4.05301100
5.74020213,3.92347000
5.74086913,3.77274200
5.74153613,3.69660200
5.74220313,3.64485300
5.74287013,3.72401800
5.74353713,3.77620400
5.74420413,3.52162500
5.74487113,3.49875700
5.74553813,3.34495900
5.74620513,3.27008100
5.74687213,3.54762000
5.74753913,3.62681600
5.74820613,3.77620400
5.74887313,3.87678100
5.74954013,3.97990200
5.75020713,4.02852200
5.75087413,3.92347000
5.75154113,3.92347000
5.75220813,3.85196000
5.75287513,3.80169700
5.75354213,3.98193000
5.75420913,4.05507700
5.75487613,4.15353700
5.75554313,4.05301100
5.75621013,3.97371200
5.75687713,3.97371200
5.75754413,3.92347000
5.75821113,3.97371200
5.75887813,3.85039000
5.75954513,3.77428100
5.76021213,3.80169700
5.76087913,3.77620400
5.76154613,3.85745600
5.76221313,3.80712200
5.76288013,3.73085000
5.76354713,3.80867100
5.76421413,3.69999300
5.76488113,3.77620400
5.76554813,3.75143400
5.76621513,3.85039000
5.76688213,4.02852200
5.76754913,4.08042700
5.76821613,4.18308400
5.76888313,4.08250700
5.76955013,4.10536500
5.77021713,4.18095300
5.77088413,4.43502800
5.77155113,4.56477800
5.77221813,4.56710400
5.77288513,4.49121500
5.77355213,4.33792200
5.77421913,4.39283200
5.77488613,4.41571100
5.77555313,4.36715400
5.77622013,4.39059700
5.77688713,4.44090700
5.77755413,4.44090700
5.77822113,4.66530400
5.77888813,4.66958300
5.77955513,4.58996200
5.78022213,4.56710400
5.78088913,4.51865600
5.78155613,4.59417100
5.78222313,4.74975100
5.78289013,4.94856900
5.78355713,5.02427200
5.78422413,5.12015000
5.78489113,5.25018000
5.78555813,5.32785900
5.78622513,5.43115100
5.78689213,5.48144000
5.78755913,5.47864800
5.78822613,5.50381900
5.78889313,5.57178100
5.78956013,5.47362300
5.79022713,5.37318900
5.79089413,5.29828200
5.79156113,5.30314400
5.79222813,5.25285500
5.79289513,5.27571300
5.79356213,5.48144000
5.79422913,5.42838500
5.79489613,5.71002300
5.79556313,5.76265900
5.79623013,5.66204200
5.79689713,5.71525800
5.79756413,5.68259300
5.79823113,5.73979100
5.79889813,5.76265900
5.79956513,5.91574900
5.80023213,5.83803000
5.80089913,5.96056700
5.80156613,6.14120300
5.80223313,6.09094000
5.80290013,6.34548600
5.80356713,6.34548600
5.80423413,6.47613000
5.80490113,6.63163100
5.80556813,6.52644000
5.80623513,6.60150000
5.80690213,6.44472100
5.80756913,6.41993300
5.80823613,6.47019600
5.80890313,6.37291600
5.80957013,6.47613000
5.81023713,6.57407000
5.81090413,6.55388100
5.81157113,6.68534200
5.81223813,6.75855500
5.81290513,6.88668000
5.81357213,7.03410200
5.81423913,7.08898500
5.81490613,6.98379400
5.81557313,6.75855500
5.81624013,6.88668000
5.81690713,6.91061700
5.81757413,7.18667400
5.81824113,7.28057100
5.81890813,7.30425000
5.81957513,7.32707500
5.82024213,7.30797500
5.82090913,7.48916100
5.82157613,7.67127200
5.82224313,7.77184900
5.82291013,7.79927800
5.82357713,7.80245700
5.82424413,7.67127200
5.82491113,7.70183900
5.82557813,7.72156000
5.82624513,7.69478100
5.82691213,7.67127200
5.82757913,8.02377400
5.82824613,8.00369400
5.82891313,7.95743300
5.82958013,8.00369400
5.83024713,7.67830500
5.83091413,7.64695600
5.83158113,7.77184900
5.83224813,7.74899100
5.83291513,7.81815400
5.83358213,7.84237100
5.83424913,7.81496700
5.83491613,8.04662000
5.83558313,8.02377400
5.83625013,8.09688400
5.83691713,8.27508800
5.83758413,8.29912000
5.83825113,8.34936200
5.83891813,8.39960500
5.83958513,8.39960500
5.84025213,8.39960500
5.84091913,8.32195800
5.84158613,8.25224100
5.84225313,8.25224100
5.84292013,8.25981000
5.84358713,8.25981000
5.84425413,8.38445300
5.84492113,8.41502000
5.84558813,8.33756200
5.84625513,8.53879700
5.84692213,8.53879700
5.84758913,8.48503000
5.84825613,8.40731200
5.84892313,8.38787000
5.84959013,8.47337800
5.85025713,8.64838900
5.85092413,8.75351000
5.85159113,8.74905800
5.85225813,8.69075600
5.85292513,8.61303700
5.85359213,8.65538300
5.85425913,8.73303100
5.85492613,8.78685600
5.85559313,8.83351500
5.85626013,8.75586800
5.85692713,8.75586800
5.85759413,8.77879600
5.85826113,8.70562600
5.85892813,8.81427100
5.85959513,8.78685600
5.86026213,8.76400900
5.86092913,8.76847500
5.86159613,8.76847500
5.86226313,8.71361400
5.86293013,8.69429700
5.86359713,8.79491500
5.86426413,8.89191000
5.86493113,8.99248700
5.86559813,9.12421000
5.86626513,8.94584200
5.86693213,8.89553300
5.86759913,8.89553300
5.86826613,8.86447900
5.86893313,9.06558500
5.86960013,9.06558500
5.87026713,9.08843200
5.87093413,9.08472700
5.87160113,9.01532200
5.87226813,9.03448500
5.87293513,9.06189000
5.87360213,9.08929400
5.87426913,9.08095400
5.87493613,9.01164700
5.87560313,8.93764400
5.87627013,8.78685600
5.87693713,8.81778200
5.87760413,8.79491500
5.87827113,8.71716500
5.87893813,8.77193600
5.87960513,8.64381300
5.88027213,8.53879700
5.88093913,8.58910700
5.88160613,8.57059900
5.88227313,8.69414800
5.88294013,8.93115100
5.88360713,8.95039700
5.88427413,8.81419100
5.88494113,8.96962700
5.88560813,8.94219800
5.88627513,8.83711800
5.88694213,8.93764400
5.88760913,8.85635300
5.88827613,8.75140400
5.88894313,8.80162100
5.88961013,8.80162100
5.89027713,8.70562600
5.89094413,8.75586800
5.89161113,8.74104400
5.89227813,8.76390200
5.89294513,8.73659200
5.89361213,8.63149700
5.89427913,8.52749400
5.89494613,8.43044600
5.89561313,8.35702300
5.89628013,8.36042900
5.89694713,8.40731200
5.89761413,8.40303000
5.89828113,8.29912000
5.89894813,8.37249700
5.89961513,8.48070900
5.90028213,8.50812500
5.90094913,8.53531900
5.90161613,8.32992100
5.90228313,8.29912000
5.90295013,8.22482500
5.90361713,8.19863500
5.90428413,8.33416500
5.90495113,8.30673500
5.90561813,8.27508800
5.90628513,8.20615900
5.90695213,8.07403700
5.90761913,7.96894100
5.90828613,7.86841600
5.90895313,7.86841600
5.90962013,7.84556900
5.91028713,7.82213800
5.91095413,7.98082400
5.91162113,7.98082400
5.91228813,7.87563400
5.91295513,7.74441900
5.91362213,7.62098400
5.91428913,7.57069500
5.91495613,7.57069500
5.91562313,7.59664700
5.91629013,7.52040700
5.91695713,7.49603000
5.91762413,7.72864000
5.91829113,7.67439800
5.91895813,7.57378100
5.91962513,7.53635000
5.92029213,7.33081200
5.92095913,7.40468400
5.92162613,7.48229100
5.92229313,7.40846100
5.92296013,7.33164100
5.92362713,7.16016800
5.92429413,7.05507200
5.92496113,6.95454600
5.92562813,6.80265400
5.92629513,6.77979600
5.92696213,6.67921800
5.92762913,6.60150000
5.92829613,6.49761200
5.92896313,6.31940700
5.92963013,6.21747900
5.93029713,6.27233900
5.93096413,6.37551300
5.93163113,6.34225400
5.93229813,6.39708700
5.93296513,6.16719100
5.93363213,6.16153700
5.93429913,6.21431300
5.93496613,6.33966900
5.93563313,6.33385100
5.93630013,6.15839600
5.93696713,6.15588200
5.93763413,5.97791400
5.93830113,6.01081000
5.93896813,5.91032600
5.93963513,5.70711500
5.94030213,5.60944700
5.94096913,5.47641400
5.94163613,5.47641400
5.94230313,5.47864800
5.94297013,5.47641400
5.94363713,5.52891000
5.94430413,5.40372100
5.94497113,5.45400900
5.94563813,5.27786400
5.94630513,5.12954700
5.94697213,5.20276100
5.94763913,5.04918700
5.94830613,5.07662900
5.94897313,5.15227800
5.94964013,5.09939200
5.95030713,5.10199000
5.95097413,5.07197600
5.95164113,4.96942300
5.95230813,4.96942300
5.95297513,4.98971600
5.95364213,4.85990700
5.95430913,4.83906600
5.95497613,4.81167500
5.95564313,4.73863300
5.95631013,4.89377100
5.95697713,4.94655300
5.95764413,4.89826000
5.95831113,4.77020100
5.95897813,4.64025100
5.95964513,4.43683700
5.96031213,4.43276700
5.96097913,4.45559300
5.96164613,4.35738000
5.96231313,4.30713800
5.96298013,4.13279500
5.96364713,3.98193000
5.96431413,4.05301100
5.96498113,4.20836900
5.96564813,4.30713800
5.96631513,4.32997600
5.96698213,4.27973300
5.96764913,3.95087400
5.96831613,3.72250000
5.96898313,3.79821000
5.96965013,3.92603400
5.97031713,4.22733400
5.97098413,4.40537500
5.97165113,4.33454300
5.97231813,4.17711800
5.97298513,4.20665400
5.97365213,4.22949100
5.97431913,4.22949100
5.97498613,4.23337200
5.97565313,4.18308400
5.97632013,4.00478800
5.97698713,3.92707000
5.97765413,3.85392300
5.97832113,3.72743400
5.97898813,3.75030200
5.97965513,3.72743400
5.98032213,3.80061100
5.98098913,3.77620400
5.98165613,3.72591600
5.98232313,3.69848600
5.98299013,3.59790900
5.98365713,3.69848600
5.98432413,3.87836100
5.98499113,3.98558000
5.98565813,4.05672900
5.98632513,4.03221800
5.98699213,3.87480700
5.98765913,3.82298400
5.98832613,3.72401800
5.98899313,3.72401800
5.98966013,3.80363400
5.99032713,3.80518400
5.99099413,3.87678100
5.99166113,3.69999300
5.99232813,3.62681600
5.99299513,3.64819700
5.99366213,3.56866000
5.99432913,3.62533900
5.99499613,3.59790900
5.99566313,3.47131600
5.99633013,3.47308300
5.99699713,3.49875700
5.99766413,3.44844800
5.99833113,3.57193400
5.99899813,3.69999300
5.99966513,3.77966600
6.00033213,3.97897900
6.00099913,3.95449900
6.00166613,3.85196000
6.00233313,3.85039000
6.00300013,3.82298400
6.00366713,3.90063200
6.00433413,4.00111700
6.00500113,4.05135900
6.00566813,4.10160200
6.00633513,4.02852200
6.00700213,4.00478800
6.00766913,4.05301100
6.00833613,3.90421100
6.00900313,3.92867000
6.00967013,3.95449900
6.01033713,3.85392300
6.01100413,3.95449900
6.01167113,4.00478800
6.01233813,3.85392300
6.01300513,3.82649200
6.01367213,3.80169700
6.01433913,3.85196000
6.01500613,4.05507700
6.01567313,4.10536500
6.01634013,4.15565300
6.01700713,4.46195600
6.01767413,4.53551200
6.01834113,4.61316000
6.01900813,4.56291700
6.01967513,4.30494300
6.02034213,4.25689600
6.02100913,4.25863200
6.02167613,4.48709900
6.02234313,4.50994600
6.02301013,4.58762500
6.02367713,4.66340200
6.02434413,4.61316000
6.02501113,4.68841600
6.02567813,4.61316000
6.02634513,4.63788800
6.02701213,4.79324500
6.02767913,4.84597600
6.02834613,4.94655300
6.02901313,4.84350800
6.02968013,4.69511100
6.03034713,4.56896500
6.03101413,4.61739300
6.03168113,4.74540000
6.03234813,4.81609200
6.03301513,5.01966600
6.03368213,5.04455900
6.03434913,5.10199000
6.03501613,5.02427200
6.03568313,4.97398300
6.03635013,5.05170200
6.03701713,5.19991700
6.03768413,5.50606300
6.03835113,5.65685300
6.03901813,5.67969900
6.03968513,5.57917300
6.04035213,5.48144000
6.04101913,5.48367300
6.04168613,5.45623200
6.04235313,5.66492400
6.04302013,5.63746800
6.04368713,5.56425400
6.04435413,5.58429100
6.04502113,5.53398200
6.04568813,5.61458900
6.04635513,5.61744600
6.04702213,5.64263200
6.04768913,5.69069700
6.04835613,5.81592800
6.04902313,5.96846800
6.04969013,6.14683600
6.05035713,6.09652700
6.05102413,6.09404400
6.05169113,6.19146600
6.05235813,6.18578700
6.05302513,6.33643700
6.05369213,6.46755800
6.05435913,6.49165200
6.05502613,6.51780100
6.05569313,6.54787500
6.05636013,6.54520600
6.05702713,6.54787500
6.05769413,6.62892900
6.05836113,6.62892900
6.05902813,6.60150000
6.05969513,6.57407000
6.06036213,6.65449900
6.06102913,6.83008400
6.06169613,6.91413500
6.06236313,6.96801300
6.06303013,6.91413500
6.06369713,6.91695000
6.06436413,6.91061700
6.06503113,6.88317600
6.06569813,7.00837900
6.06636513,7.05866700
6.06703213,7.11185300
6.06769913,7.34052900
6.06836613,7.44951200
6.06903313,7.39541200
6.06970013,7.46858900
6.07036713,7.41525800
6.07103413,7.23696300
6.07170113,7.31468100
6.07236813,7.33380200
6.07303513,7.46174400
6.07370213,7.73337500
6.07436913,7.78497800
6.07503613,7.68315800
6.07570313,7.50511700
6.07637013,7.36121900
6.07703713,7.34052900
6.07770413,7.39541200
6.07837113,7.65085000
6.07903813,7.64695600
6.07970513,7.62409000
6.08037213,7.77501600
6.08103913,7.69726600
6.08170613,7.74757500
6.08237313,7.84956700
6.08304013,7.86841600
6.08370713,7.84556900
6.08437414,7.92324800
6.08504114,7.99635800
6.08570814,7.97351100
6.08637514,8.09358300
6.08704214,8.14382600
6.08770914,8.17122900
6.08837614,8.25224100
6.08904314,8.27930500
6.08971014,8.22901600
6.09037714,8.15586900
6.09104414,8.17456200
6.09171114,8.22604000
6.09237814,8.27965700
6.09304514,8.30250500
6.09371214,8.22901600
6.09437914,8.22901600
6.09504614,8.22901600
6.09571314,8.15919300
6.09638014,8.20615900
6.09704714,8.08144300
6.09771414,8.08144300
6.09838114,8.10431100
6.09904814,8.23236900
6.09971514,8.41073800
6.10038214,8.41073800
6.10104914,8.48503000
6.10171614,8.40303000
6.10238314,8.35276700
6.10305014,8.39960500
6.10371714,8.58123500
6.10438414,8.70917600
6.10505114,8.83351500
6.10571814,8.88375800
6.10638514,8.70118800
6.10705214,8.72846300
6.10771914,8.65891400
6.10838614,8.65891400
6.10905314,8.75943900
6.10972014,8.58123500
6.11038714,8.52749400
6.11105414,8.53097200
6.11172114,8.58560800
6.11238814,8.53097200
6.11305514,8.60865000
6.11372214,8.63606600
6.11438914,8.60514100
6.11505614,8.76847500
6.11572314,8.84162000
6.11639014,8.86453300
6.11705714,8.74104400
6.11772414,8.70917600
6.11839114,8.65891400
6.11905814,8.63149700
6.11972514,8.70562600
6.12039214,8.75586800
6.12105914,8.73303100
6.12172614,8.88375800
6.12239314,8.96505900
6.12306014,8.93764400
6.12372714,8.89191000
6.12439414,8.81419100
6.12506114,8.73659200
6.12572814,8.61303700
6.12639514,8.68972400
6.12706214,8.59785200
6.12772914,8.60572200
6.12839614,8.67921100
6.12906314,8.41502000
6.12973014,8.35702300
6.13039714,8.29912000
6.13106414,8.27965700
6.13173114,8.43044600
6.13239814,8.48070900
6.13306514,8.51246100
6.13373214,8.48070900
6.13439914,8.45786200
6.13506614,8.33416500
6.13573314,8.28387600
6.13640014,8.27965700
6.13706714,8.35702300
6.13773414,8.43044600
6.13840114,8.50465700
6.13906814,8.45329300
6.13973514,8.35276700
6.14040214,8.33416500
6.14106914,8.25981000
6.14173614,8.31435100
6.14240314,8.35702300
6.14307014,8.15586900
6.14373714,7.98082400
6.14440414,7.89985600
6.14507114,7.75151900
6.14573814,7.77897500
6.14640514,7.82213800
6.14707214,7.69413000
6.14773914,7.74899100
6.14840614,7.81815400
6.14907314,7.84556900
6.14974014,7.99635800
6.15040714,8.12430000
6.15107414,8.17456200
6.15174114,8.15171600
6.15240814,7.97351100
6.15307514,7.79212900
6.15374214,7.61399700
6.15440914,7.61399700
6.15507614,7.73337500
6.15574314,7.73337500
6.15641014,7.86520900
6.15707714,7.86520900
6.15774414,7.76789100
6.15841114,7.78756100
6.15907814,7.61011600
6.15974514,7.58272400
6.16041214,7.53250800
6.16107914,7.40846100
6.16174614,7.35821800
6.16241314,7.15559800
6.16308014,7.12984400
6.16374714,6.97739400
6.16441414,6.92713100
6.16508114,7.02935900
6.16574814,7.05866700
6.16641514,7.18301400
6.16708214,7.28513800
6.16774914,7.08609800
6.16841614,7.00480900
6.16908314,7.08248900
6.16975014,7.05866700
6.17041714,7.12620900
6.17108414,7.02290900
6.17175114,6.77012700
6.17241814,6.61947600
6.17308514,6.51447800
6.17375214,6.49165200
6.17441914,6.46162300
6.17508614,6.33643700
6.17575314,6.24172900
6.17642014,6.24745500
6.17708714,6.14683600
6.17775414,6.22458600
6.17842114,6.24491000
6.17908814,5.96299800
6.17975514,5.88531900
6.18042214,5.78479300
6.18108914,5.73453100
6.18175614,5.83803000
6.18242314,5.79010000
6.18309014,5.71002300
6.18375714,5.76031200
6.18442414,5.75737800
6.18509114,5.75209700
6.18575814,5.80231400
6.18642514,5.70478800
6.18709214,5.65454700
6.18775914,5.65685300
6.18842614,5.57917300
6.18909314,5.62943600
6.18976014,5.65685300
6.19042714,5.67969900
6.19109414,5.65454700
6.19176114,5.44900900
6.19242814,5.32568700
6.19309514,5.17039300
6.19376214,5.07197600
6.19442914,5.04250300
6.19509614,4.92118700
6.19576314,4.74540000
6.19643014,4.71989200
6.19709714,4.71989200
6.19776414,4.80008500
6.19843114,4.99887800
6.19909814,4.89826000
6.19976514,4.89826000
6.20043214,4.84350800
6.20109914,4.74082800
6.20176614,4.79324500
6.20243314,4.74540000
6.20310014,4.76825800
6.20376714,4.71556600
6.20443414,4.76583000
6.20510114,4.81412900
6.20576814,4.68623900
6.20643514,4.61504100
6.20710214,4.48709900
6.20776914,4.35915800
6.20843614,4.18095300
6.20910314,4.10327400
6.20977014,3.98193000
6.21043714,3.92707000
6.21110414,4.10703800
6.21177114,3.98558000
6.21243814,3.95812500
6.21310514,3.90938100
6.21377214,3.83000100
6.21443914,4.08417000
6.21510614,4.23725300
6.21577314,4.33571500
6.21644014,4.31284700
6.21710714,4.28147800
6.21777414,4.22560900
6.21844114,4.07502100
6.21910814,4.07294200
6.21977514,3.97371200
6.22044214,3.97735800
6.22110914,4.08250700
6.22177614,4.08417000
6.22244314,4.05135900
6.22311014,3.94886000
6.22377714,3.85039000
6.22444414,3.87480700
6.22511114,3.84739000
6.22577814,3.87678100
6.22644514,3.87480700
6.22711214,3.72401800
6.22777914,3.64968400
6.22844614,3.59790900
6.22911314,3.45020400
6.22978014,3.45020400
6.23044714,3.45020400
6.23111414,3.47626400
6.23178114,3.67899700
6.23244814,3.67899700
6.23311514,3.67712500
6.23378214,3.62533900
6.23444914,3.70305700
6.23511614,3.87480700
6.23578314,3.95449900
6.23645014,4.13279500
6.23711714,4.03386100
6.23778414,3.95611100
6.23845114,3.93164100
6.23911814,3.77428100
6.23978514,3.80014700
6.24045214,3.69660200
6.24111914,3.80169700
6.24178614,3.80169700
6.24245314,3.67562700
6.24312014,3.80363400
6.24378714,3.70187600
6.24445414,4.06251200
6.24512114,4.14037200
6.24578814,4.11289300
6.24645514,4.11080200
6.24712214,3.72933200
6.24778914,3.75487500
6.24845614,3.72743400
6.24912314,3.75221100
6.24979014,3.80254600
6.25045714,3.85288000
6.25112414,4.00642000
6.25179114,4.20836900
6.25245814,4.27973300
6.25312514,4.25863200
6.25379214,4.15810600
6.25445914,4.00478800
6.25512614,4.05672900
6.25579314,4.16022500
6.25646014,4.23337200
6.25712714,4.28147800
6.25779414,4.27973300
6.25846114,4.33852000
6.25912814,4.31284700
6.25979514,4.34249800
6.26046214,4.36715400
6.26112914,4.36137900
6.26179614,4.38880900
6.26246314,4.28997900
6.26313014,4.28997900
6.26379714,4.29391100
6.26446414,4.44497600
6.26513114,4.57129100
6.26579814,4.56896500
6.26646514,4.61739300
6.26713214,4.66768100
6.26779914,4.76583000
6.26846614,4.86883400
6.26913314,4.94655300
6.26980014,4.86883400
6.27046714,4.84597600
6.27113414,4.94403400
6.27180114,4.94856900
6.27246814,4.99887800
6.27313514,5.02632000
6.27380214,5.02887800
6.27446914,4.97398300
6.27513614,4.89377100
6.27580314,5.04713000
6.27647014,5.01966600
6.27713714,5.02171300
6.27780414,5.15227800
6.27847114,5.04455900
6.27913814,4.92820900
6.27980514,5.02632000
6.28047214,5.02427200
6.28113914,5.07662900
6.28180614,5.38086200
6.28247314,5.45623200
6.28314014,5.53679900
6.28380714,5.66204200
6.28447414,5.63230500
6.28514114,5.73288200
6.28580814,5.73288200
6.28647514,5.73288200
6.28714214,5.79010000
6.28780914,5.71002300
6.28847614,5.85551500
6.28914314,5.91032600
6.28981014,5.85551500
6.29047714,5.91273600
6.29114414,5.91815900
6.29181114,5.94405100
6.29247814,5.94102700
6.29314514,5.98889500
6.29381214,6.09404400
6.29447914,6.06661400
6.29514614,6.25063500
6.29581314,6.22317900
6.29648014,6.20030000
6.29714714,6.37551300
6.29781414,6.32262800
6.29848114,6.39838100
6.29914814,6.42582200
6.29981514,6.42909300
6.30048214,6.50357200
6.30114914,6.65449900
6.30181614,6.78255800
6.30248314,6.80999900
6.30315014,6.88317600
6.30381714,6.95454600
6.30448414,7.03222600
6.30515114,7.07960200
6.30581814,7.13275100
6.30648514,7.10895600
6.30715214,7.08248900
6.30781914,7.18667400
6.30848614,7.23696300
6.30915314,7.23991200
6.30982014,7.22071800
6.31048714,7.31468100
6.31115414,7.38782800
6.31182114,7.49297700
6.31248814,7.46554700
6.31315514,7.44951200
6.31382214,7.47239100
6.31448914,7.42205700
6.31515614,7.54633900
6.31582314,7.64695600
6.31649014,7.59664700
6.31715714,7.64695600
6.31782414,7.51889800
6.31849114,7.49297700
6.31915814,7.60942900
6.31982514,7.84237100
6.32049214,8.17122900
6.32115914,8.09815000
6.32182614,8.20197900
6.32249314,8.04790800
6.32316014,8.02377400
6.32382714,8.02786300
6.32449414,8.00043300
6.32516114,7.99635800
6.32582814,7.97026000
6.32649514,7.99309900
6.32716214,7.94609500
6.32782914,7.90307500
6.32849614,7.88020700
6.32916314,8.08144300
6.32983014,8.13175200
6.33049714,8.20615900
6.33116414,8.28689600
6.33183114,8.25981000
6.33249814,8.33416500
6.33316514,8.46993000
6.33383214,8.48070900
6.33449914,8.43474200
6.33516614,8.38445300
6.33583314,8.50812500
6.33650014,8.61654700
6.33716714,8.81419100
6.33783414,8.92751700
6.33850114,8.81778200
6.33916814,8.74104400
6.33983514,8.58560800
6.34050214,8.55489800
6.34116914,8.55489800
6.34183614,8.58560800
6.34250314,8.61303700
6.34317014,8.58560800
6.34383714,8.56623700
6.34450414,8.56274800
6.34517114,8.53879700
6.34583814,8.54662200
6.34650514,8.59347900
6.34717214,8.64821100
6.34783914,8.62532000
6.34850614,8.67126800
6.34917314,8.72160300
6.34984014,8.76390200
6.35050714,8.91479700
6.35117414,8.95683600
6.35184114,9.06189000
6.35250814,9.13953600
6.35317514,9.06189000
6.35384214,9.06558500
6.35450914,9.06189000
6.35517614,9.01532200
6.35584314,9.18977900
6.35651014,9.11213200
6.35717714,9.06189000
6.35784414,9.00705300
6.35851114,8.85996400
6.35917814,8.86447900
6.35984514,8.79133300
6.36051214,8.74905800
6.36117914,8.74460600
6.36184614,8.84522300
6.36251314,8.84522300
6.36318014,8.91479700
6.36384714,8.86447900
6.36451414,8.78685600
6.36518114,8.86447900
6.36584814,8.79491500
6.36651514,8.86453300
6.36718214,8.91933900
6.36784914,8.86453300
6.36851614,8.80970200
6.36918314,8.76390200
6.36985014,8.83351500
6.37051714,8.85635300
6.37118414,9.05727000
6.37185114,9.13487700
6.37251814,9.00705300
6.37318514,8.98424300
6.37385214,8.83351500
6.37451914,8.78685600
6.37518614,9.00072500
6.37585314,8.89191000
6.37652014,9.02359200
6.37718714,8.87266500
6.37785414,8.51592900
6.37852114,8.53879700
6.37918814,8.31435100
6.37985514,8.39213900
6.38052214,8.46562000
6.38118914,8.41959600
6.38185614,8.41188400
6.38252314,8.45786200
6.38319014,8.48503000
6.38385714,8.58560800
6.38452414,8.45760100
6.38519114,8.45760100
6.38585814,8.48070900
6.38652514,8.34936200
6.38719214,8.57336400
6.38785914,8.64744100
6.38852614,8.56986500
6.38919314,8.67836200
6.38986014,8.57773700
6.39052714,8.48070900
6.39119414,8.48070900
6.39186114,8.34936200
6.39252814,8.35276700
6.39319514,8.15586900
6.39386214,8.10888400
6.39452914,8.08144300
6.39519614,7.98082400
6.39586314,7.95014400
6.39653014,7.79927800
6.39719714,7.79927800
6.39786414,7.77184900
6.39853114,7.82213800
6.39919814,7.92271400
6.39986514,7.92594300
6.40053214,7.92271400
6.40119914,7.89985600
6.40186614,7.84237100
6.40253314,7.78815600
6.40320014,7.85799100
6.40386714,7.90818700
6.40453414,7.89261300
6.40520114,7.89261300
6.40586814,7.71762800
6.40653514,7.56684000
6.40720214,7.53942300
6.40786914,7.49297700
6.40853614,7.41828100
6.40920314,7.34426600
6.40987014,7.57378100
6.41053714,7.41525800
6.41120414,7.43889800
6.41187114,7.43889800
6.41253814,7.13275100
6.41320514,7.05507200
6.41387214,6.90428400
6.41453914,6.85402100
6.41520614,6.74892600
6.41587314,6.69866300
6.41654014,6.67581700
6.41720714,6.80098400
6.41787414,6.75074200
6.41854114,6.80098400
6.41920814,7.10243900
6.41987514,6.89795100
6.42054214,6.85122700
6.42120914,6.90428400
6.42187614,6.57072200
6.42254314,6.50357200
6.42321014,6.45326300
6.42387714,6.27233900
6.42454414,6.22205100
6.42521114,6.19146600
6.42587814,6.04067700
6.42654514,5.91273600
6.42721214,5.75737800
6.42787914,5.55458600
6.42854614,5.48144000
6.42921314,5.45400900
6.42988014,5.40372100
6.43054714,5.53172800
6.43121414,5.55632600
6.43188114,5.55632600
6.43254814,5.55406100
6.43321514,5.52383900
6.43388214,5.57405600
6.43454914,5.52383900
6.43521614,5.62427300
6.43588314,5.57405600
6.43655014,5.47362300
6.43721714,5.52158500
6.43788414,5.44400800
6.43855114,5.34089000
6.43921814,5.26120400
6.43988514,5.14020700
6.44055214,5.03530600
6.44121914,5.01710700
6.44188614,4.91918100
6.44255314,4.96942300
6.44322014,4.89177600
6.44388714,4.76145800
6.44455414,4.83906600
6.44522114,4.61080800
6.44588814,4.48527000
6.44655514,4.48709900
6.44722214,4.45968300
6.44788914,4.53967400
6.44855614,4.53967400
6.44922314,4.53736200
6.44989014,4.43909700
6.45055714,4.43909700
6.45122414,4.54152400
6.45189114,4.59183300
6.45255814,4.58996200
6.45322514,4.51451500
6.45389214,4.53551200
6.45455914,4.45786500
6.45522614,4.43502800
6.45589314,4.35738000
6.45656014,4.20208600
6.45722714,4.15184400
6.45789414,3.95248500
6.45856114,3.97735800
6.45922814,4.05301100
6.45989514,3.92707000
6.46056214,4.02395400
6.46122914,3.99907700
6.46189614,3.87322700
6.46256314,3.95087400
6.46323014,4.00274800
6.46389714,4.03221800
6.46456414,4.03221800
6.46523114,4.00274800
6.46589814,3.95248500
6.46656514,3.97827900
6.46723214,4.02852200
6.46789914,4.13069000
6.46856614,4.30889500
6.46923314,4.23121500
6.46990014,4.15810600
6.47056714,4.17924800
6.47123414,4.08042700
6.47190114,4.08042700
6.47256814,4.08042700
6.47323514,4.03016500
6.47390214,4.05301100
6.47456914,4.00478800
6.47523614,4.00642000
6.47590314,3.90779100
6.47657014,3.75221100
6.47723714,3.69999300
6.47790414,3.59790900
6.47857114,3.46990200
6.47923814,3.44704300
6.47990514,3.44844800
6.48057214,3.49875700
6.48123914,3.62533900
6.48190614,3.64633900
6.48257314,3.72401800
6.48324014,3.77428100
6.48390714,3.75143400
6.48457414,3.90222300
6.48524114,3.92347000
6.48590814,4.00111700
6.48657514,4.10327400
6.48724214,4.13069000
6.48790914,4.15353700
6.48857614,4.10703800
6.48924314,4.05301100
6.48991014,3.98193000
6.49057714,3.95611100
6.49124414,3.85196000
6.49191114,3.80363400
6.49257814,3.62533900
6.49324514,3.52019000
6.49391214,3.47131600
6.49457914,3.62866300
6.49524614,3.80518400
6.49591314,3.87678100
6.49658014,3.97990200
6.49724714,3.80169700
6.49791414,3.77428100
6.49858114,3.74877400
6.49924814,3.74877400
6.49991514,3.85196000
6.50058214,3.97533200
6.50124914,4.30713800
6.50191614,4.45786500
6.50258314,4.58341700
6.50325014,4.45559300
6.50391714,4.27755100
6.50458414,4.27755100
6.50525114,4.20450900
6.50591814,4.35515900
6.50658514,4.32776800
6.50725214,4.27755100
6.50791914,4.38255000
6.50858614,4.30713800
6.50925314,4.45968300
6.50992014,4.51224400
6.51058714,4.41346500
6.51125414,4.41346500
6.51192114,4.20765600
6.51258814,4.20594200
6.51325514,4.23725300
6.51392214,4.23725300
6.51458914,4.36537700
6.51525614,4.49350200
6.51592314,4.64025100
6.51659014,4.79568800
6.51725714,4.81412900
6.51792414,4.84350800
6.51859114,4.92369500
6.51925814,4.89377100
6.51992514,4.99887800
6.52059214,5.07662900
6.52125914,5.07662900
6.52192614,5.23021700
6.52259314,5.25767100
6.52326014,5.25499600
6.52392714,5.25285500
6.52459414,5.17513700
6.52526114,5.04713000
6.52592814,5.04713000
6.52659514,5.04918700
6.52726214,5.12693700
6.52792914,5.38122000
6.52859614,5.33305500
6.52926314,5.28538700
6.52993014,5.28323700
6.53059714,5.23021700
6.53126414,5.35834000
6.53193114,5.43115100
6.53259814,5.48144000
6.53326514,5.63230500
6.53393214,5.65685300
6.53459915,5.88531900
6.53526615,5.98584600
6.53593315,5.91032600
6.53660015,6.01326100
6.53726715,6.09094000
6.53793415,6.22205100
6.53860115,6.32262800
6.53926815,6.32262800
6.53993515,6.21888200
6.54060215,6.13870000
6.54126915,6.23918400
6.54193615,6.31683100
6.54260315,6.36967000
6.54327015,6.44868900
6.54393715,6.39838100
6.54460415,6.37551300
6.54527115,6.32520400
6.54593815,6.27233900
6.54660515,6.22458600
6.54727215,6.19714500
6.54793915,6.29776300
6.54860615,6.34548600
6.54927315,6.45063400
6.54994015,6.65178800
6.55060715,6.75236500
6.55127415,6.85751400
6.55194115,6.98094900
6.55260815,6.92430700
6.55327515,6.95454600
6.55394215,7.13638600
6.55460915,7.03123700
6.55527615,7.11547300
6.55594315,7.16216200
6.55661015,7.14292900
6.55727715,7.22071800
6.55794415,7.23991200
6.55861115,7.21704400
6.55927815,7.21704400
6.55994515,7.31468100
6.56061215,7.29022100
6.56127915,7.42583400
6.56194615,7.39541200
6.56261315,7.34884300
6.56328015,7.47696700
6.56394715,7.39541200
6.56461415,7.44951200
6.56528115,7.60051500
6.56594815,7.54633900
6.56661515,7.72470700
6.56728215,7.77501600
6.56794915,7.64384200
6.56861615,7.74899100
6.56928315,7.54326500
6.56995015,7.46174400
6.57061715,7.69413000
6.57128415,7.77184900
6.57195115,8.05072100
6.57261815,8.10558100
6.57328515,8.02786300
6.57395215,7.92728600
6.57461915,7.86841600
6.57528615,7.97757400
6.57595315,7.94609500
6.57662015,8.00043300
6.57728715,7.84956700
6.57795415,7.74047500
6.57862115,7.81815400
6.57928815,7.84237100
6.57995515,7.99309900
6.58062215,8.10145300
6.58128915,8.02786300
6.58195615,8.02786300
6.58262315,8.08144300
6.58329015,8.15586900
6.58395715,8.35276700
6.58462415,8.48070900
6.58529115,8.50465700
6.58595815,8.60514100
6.58662515,8.70562600
6.58729215,8.83351500
6.58795915,8.88375800
6.58862615,8.91022800
6.58929315,8.76390200
6.58996015,8.56623700
6.59062715,8.57059900
6.59129415,8.44591100
6.59196115,8.52373300
6.59262815,8.49280900
6.59329515,8.46993000
6.59396215,8.51592900
6.59462915,8.48848800
6.59529615,8.51915600
6.59596315,8.60135000
6.59663015,8.62882900
6.59729715,8.55096900
6.59796415,8.67479800
6.59863115,8.56623700
6.59929815,8.87266500
6.59996515,8.92297500
6.60063215,8.88738100
6.60129915,9.01532200
6.60196615,8.75586800
6.60263315,9.01164700
6.60330015,9.04273800
6.60396715,9.17068100
6.60463415,9.37173100
6.60530115,9.16694300
6.60596815,9.14326400
6.60663515,8.89191000
6.60730215,8.74460600
6.60796915,8.67126800
6.60863615,8.64381300
6.60930315,8.69414800
6.60997015,8.57408700
6.61063715,8.62093400
6.61130415,8.71716500
6.61197115,8.71361400
6.61263815,8.65538300
6.61330515,8.70917600
6.61397215,8.58123500
6.61463915,8.65538300
6.61530615,8.70917600
6.61597315,8.65538300
6.61664015,8.85996400
6.61730715,8.79491500
6.61797415,8.89191000
6.61864115,8.81419100
6.61930815,8.68633000
6.61997515,8.78327400
6.62064215,8.70562600
6.62130915,8.98424300
6.62197615,8.90662000
6.62264315,8.77879600
6.62331015,8.75140400
6.62397715,8.62797800
6.62464415,8.50788900
6.62531115,8.53531900
6.62597815,8.53531900
6.62664515,8.45329300
6.62731215,8.60514100
6.62797915,8.53097200
6.62864615,8.45329300
6.62931315,8.38445300
6.62998015,8.31012000
6.63064715,8.35702300
6.63131415,8.30673500
6.63198115,8.22901600
6.63264815,8.22901600
6.63331515,8.08144300
6.63398215,8.08144300
6.63464915,8.15586900
6.63531615,8.14839300
6.63598315,8.27206300
6.63665015,8.34510600
6.63731715,8.50465700
6.63798415,8.53097200
6.63865115,8.50812500
6.63931815,8.32992100
6.63998515,7.97351100
6.64065215,7.76789100
6.64131915,7.51200700
6.64198615,7.53942300
6.64265315,7.58659200
6.64332015,7.74504400
6.64398715,7.90307500
6.64465415,7.82532500
6.64532115,7.72470700
6.64598815,7.56612400
6.64665515,7.46174400
6.64732215,7.49297700
6.64798915,7.54326500
6.64865615,7.46858900
6.64932315,7.41525800
6.64999015,7.43586500
6.65065715,7.46631300
6.65132415,7.48610700
6.65199115,7.46327000
6.65265815,7.44268800
6.65332515,7.39240000
6.65399215,7.62098400
6.65465915,7.72156000
6.65532615,7.66736500
6.65599315,7.58659200
6.65666015,7.25773300
6.65732715,7.17642500
6.65799415,7.04860100
6.65866115,6.95171200
6.65932815,7.10243900
6.65999515,6.95454600
6.66066215,6.88037200
6.66132915,6.77634200
6.66199615,6.52045900
6.66266315,6.49761200
6.66333015,6.51780100
6.66399715,6.51447800
6.66466415,6.51447800
6.66533115,6.41731600
6.66599815,6.47019600
6.66666515,6.45063400
6.66733215,6.19462100
6.66799915,6.14120300
6.66866615,5.93013800
6.66933315,5.93013800
6.67000015,6.08535300
6.67066715,6.26339400
6.67133415,6.21317800
6.67200115,6.15588200
6.67266815,6.10257100
6.67333515,5.84715700
6.67400215,5.88292000
6.67466915,5.78479300
6.67533615,5.73521800
6.67600315,5.66204200
6.67667015,5.68259300
6.67733715,5.73979100
6.67800415,5.65973500
6.67867115,5.63230500
6.67933815,5.42838500
6.68000515,5.27302600
6.68067215,5.14980500
6.68133915,5.09949600
6.68200615,5.04918700
6.68267315,5.02427200
6.68334015,5.09731300
6.68400715,5.04455900
6.68467415,5.12484800
6.68534115,5.07456100
6.68600815,5.02171300
6.68667515,5.03993300
6.68734215,5.14283100
6.68800915,5.21584500
6.68867615,5.21584500
6.68934315,5.19779700
6.69001015,4.99226000
6.69067715,4.86189100
6.69134415,4.81412900
6.69201115,4.83906600
6.69267815,4.76388600
6.69334515,4.71364400
6.69401215,4.61504100
6.69467915,4.51681600
6.69534615,4.56710400
6.69601315,4.57129100
6.69668015,4.49121500
6.69734715,4.41166700
6.69801415,4.25863200
6.69868115,4.31109000
6.69934815,4.38880900
6.70001515,4.35915800
6.70068215,4.56477800
6.70134915,4.48298400
6.70201615,4.61080800
6.70268315,4.68815000
6.70335015,4.56020900
6.70401715,4.66768100
6.70468415,4.51224400
6.70535115,4.40762200
6.70601815,4.25472500
6.70668515,4.17328300
6.70735215,4.17541400
6.70801915,4.15429200
6.70868615,4.10327400
6.70935315,4.03386100
6.71002015,3.87836100
6.71068715,3.82805200
6.71135415,3.92507000
6.71202115,3.85039000
6.71268815,3.84842700
6.71335515,3.80014700
6.71402215,3.77620400
6.71468915,3.72591600
6.71535615,3.85549400
6.71602315,3.87678100
6.71669015,3.79712800
6.71735715,3.92507000
6.71802415,3.82298400
6.71869115,3.90063200
6.71935815,3.89864300
6.72002515,3.89864300
6.72069215,3.99907700
6.72135915,4.05135900
6.72202615,4.10327400
6.72269315,4.05301100
6.72336015,4.00111700
6.72402715,3.82298400
6.72469415,3.77274200
6.72536115,3.72250000
6.72602815,3.72401800
6.72669515,3.79712800
6.72736215,3.72591600
6.72802915,3.77620400
6.72869615,3.72743400
6.72936315,3.61892300
6.73003015,3.77274200
6.73069715,3.67225800
6.73136415,3.64485300
6.73203115,3.74686500
6.73269815,3.69848600
6.73336515,3.87836100
6.73403215,3.92707000
6.73469915,3.62681600
6.73536615,3.72591600
6.73603315,3.69660200
6.73670015,3.66918600
6.73736715,4.12900600
6.73803415,4.25472500
6.73870115,4.17924800
6.73936815,4.21051400
6.74003515,4.13069000
6.74070215,3.95449900
6.74136915,3.95248500
6.74203615,3.92347000
6.74270315,4.00478800
6.74337015,3.92867000
6.74403715,3.97897900
6.74470415,3.97897900
6.74537115,3.87836100
6.74603815,3.95611100
6.74670515,4.00642000
6.74737215,4.08417000
6.74803915,4.13279500
6.74870615,4.13279500
6.74937315,4.10703800
6.75004015,4.20594200
6.75070715,4.31284700
6.75137415,4.18308400
6.75204115,4.18095300
6.75270815,4.22949100
6.75337515,4.07668400
6.75404215,4.32776800
6.75470915,4.45786500
6.75537615,4.48938600
6.75604315,4.74540000
6.75671015,4.81854700
6.75737715,4.79568800
6.75804415,4.79324500
6.75871115,4.71796900
6.75937815,4.69702400
6.76004515,4.71989200
6.76071215,4.80008500
6.76137915,4.72421700
6.76204615,4.77262900
6.76271315,4.80008500
6.76338015,4.82296400
6.76404715,4.91912300
6.76471415,4.86883400
6.76538115,4.94655300
6.76604815,4.84350800
6.76671515,4.94403400
6.76738215,5.24804000
6.76804915,5.34852500
6.76871615,5.39876700
6.76938315,5.27544500
6.77005015,5.15227800
6.77071715,5.24804000
6.77138415,5.37812200
6.77205115,5.52891000
6.77271815,5.52383900
6.77338515,5.50381900
6.77405215,5.52383900
6.77471915,5.60144700
6.77538615,5.65454700
6.77605315,5.47864800
6.77672015,5.55915800
6.77738715,5.53679900
6.77805415,5.64263200
6.77872115,5.79835400
6.77938815,5.71816600
6.78005515,5.79010000
6.78072215,5.79010000
6.78138915,5.83803000
6.78205615,5.84040900
6.78272315,5.96846800
6.78339015,6.09094000
6.78405715,6.31940700
6.78472415,6.54520600
6.78539115,6.47019600
6.78605815,6.47019600
6.78672515,6.40034600
6.78739215,6.52378100
6.78805915,6.69866300
6.78872615,6.75511600
6.78939315,6.77634200
6.79006015,6.72950700
6.79072715,6.78255800
6.79139415,6.80265400
6.79206115,6.75855500
6.79272815,6.73567600
6.79339515,6.73567600
6.79406215,6.76130700
6.79472915,6.86659500
6.79539615,6.96730500
6.79606315,6.99019400
6.79673015,6.98735000
6.79739715,7.16216200
6.79806415,7.18667400
6.79873115,7.26069300
6.79939815,7.35821800
6.80006515,7.31095600
6.80073215,7.38562300
6.80139915,7.38863500
6.80206615,7.62098400
6.80273315,7.58968500
6.80340015,7.62409000
6.80406715,7.77501600
6.80473415,7.64695600
6.80540115,7.75214800
6.80606815,7.75609500
6.80673515,7.75609500
6.80740215,7.79927800
6.80806915,7.95338400
6.80873615,7.97300200
6.80940315,8.05072100
6.81007015,7.75151900
6.81073715,7.67830500
6.81140415,7.65085000
6.81207115,7.60051500
6.81273815,7.82532500
6.81340515,7.95743300
6.81407215,8.00776800
6.81473915,7.95743300
6.81540615,8.03522200
6.81607315,7.87563400
6.81674015,7.92271400
6.81740715,8.02786300
6.81807415,8.13175200
6.81874115,8.17872700
6.81940815,8.25981000
6.82007515,8.28387600
6.82074215,8.29912000
6.82140915,8.38018200
6.82207615,8.42700900
6.82274315,8.42700900
6.82341015,8.43044600
6.82407715,8.45786200
6.82474415,8.41531200
6.82541115,8.36894100
6.82607815,8.42272800
6.82674515,8.39641000
6.82741215,8.44247400
6.82807915,8.45760100
6.82874615,8.45760100
6.82941315,8.48503000
6.83008015,8.47725200
6.83074715,8.50812500
6.83141415,8.47293000
6.83208115,8.52314700
6.83274815,8.58123500
6.83341515,8.55838700
6.83408215,8.74460600
6.83474915,9.05103300
6.83541615,9.07020500
6.83608315,9.29878900
6.83675015,9.27120600
6.83741715,9.06558500
6.83808415,8.98424300
6.83875115,8.85183800
6.83941815,8.64744100
6.84008515,8.62358000
6.84075215,8.70562600
6.84141915,8.75586800
6.84208615,9.01991600
6.84275315,8.86453300
6.84342015,8.78685600
6.84408715,8.71361400
6.84475415,8.55838700
6.84542115,8.60865000
6.84608815,8.65538300
6.84675515,8.70562600
6.84742215,8.73303100
6.84808915,8.65891400
6.84875615,8.63149700
6.84942315,8.57773700
6.85009015,8.60514100
6.85075715,8.70562600
6.85142415,8.83711800
6.85209115,8.91479700
6.85275815,9.01532200
6.85342515,9.24850000
6.85409215,9.19821200
6.85475915,9.24850000
6.85542615,9.14792300
6.85609315,8.93400000
6.85676015,8.91116200
6.85742715,8.88375800
6.85809415,8.88375800
6.85876115,8.85996400
6.85942815,8.83711800
6.86009515,8.75943900
6.86076215,8.96505900
6.86142915,9.03816900
6.86209615,9.03816900
6.86276315,8.99248700
6.86343015,8.69429700
6.86409715,8.53879700
6.86476415,8.49626600
6.86543115,8.54662200
6.86609815,8.62093400
6.86676515,8.53879700
6.86743215,8.53097200
6.86809915,8.55838700
6.86876615,8.58123500
6.86943315,9.01532200
6.87010015,8.99248700
6.87076715,9.01164700
6.87143415,8.98424300
6.87210115,8.80611000
6.87276815,8.87923000
6.87343515,8.91116200
6.87410215,8.80970200
6.87476915,8.66332500
6.87543615,8.53531900
6.87610315,8.49280900
6.87677015,8.54314400
6.87743715,8.59347900
6.87810415,8.57059900
6.87877115,8.38787000
6.87943815,8.25644600
6.88010515,8.10558100
6.88077215,8.08555700
6.88143915,8.18206000
6.88210615,8.20950200
6.88277315,8.20950200
6.88344015,8.27628200
6.88410715,8.22147200
6.88477415,8.19445600
6.88544115,8.26868700
6.88610815,8.29488900
6.88677515,8.34510600
6.88744215,8.50465700
6.88810915,8.42271300
6.88877615,8.29488900
6.88944315,8.14423900
6.89011015,7.88859000
6.89077715,7.76472400
6.89144415,7.69021200
6.89211115,7.56684000
6.89277815,7.53942300
6.89344515,7.58968500
6.89411215,7.58659200
6.89477915,7.69164400
6.89544615,7.58968500
6.89611315,7.49297700
6.89678015,7.36497000
6.89744715,7.26439200
6.89811415,7.23327700
6.89878115,7.23032900
6.89944815,7.30425000
6.90011515,7.40468400
6.90078215,7.45870300
6.90144915,7.35446700
6.90211615,7.40846100
6.90278315,7.23032900
6.90345015,7.20381600
6.90411715,7.30425000
6.90478415,7.22664300
6.90545115,7.10048400
6.90611815,6.92534200
6.90678515,6.85402100
6.90745215,6.75693700
6.90811915,6.73224900
6.90878615,6.80265400
6.90945315,6.52045900
6.91012015,6.41731600
6.91078715,6.33966900
6.91145415,6.14120300
6.91212115,6.16405000
6.91278815,6.09094000
6.91345515,6.11378700
6.91412215,6.21431300
6.91478915,6.21177900
6.91545615,6.16405000
6.91612315,6.13870000
6.91679015,6.08535300
6.91745715,6.21634700
6.91812415,6.26083900
6.91879115,6.18894200
6.91945815,6.03513600
6.92012515,5.86008300
6.92079215,5.78243500
6.92145915,5.75209700
6.92212615,5.80231400
6.92279315,5.79994600
6.92346015,5.77948800
6.92412715,5.72693300
6.92479415,5.59630400
6.92546115,5.41842600
6.92612815,5.29071900
6.92679515,5.19302700
6.92746215,5.17039300
6.92812915,5.24804000
6.92879615,5.12015000
6.92946315,5.02171300
6.93013015,5.07456100
6.93079715,4.97398300
6.93146415,4.94655300
6.93213115,5.05376000
6.93279815,5.02427200
6.93346515,4.89377100
6.93413215,4.97145000
6.93479915,4.83906600
6.93546615,4.71124100
6.93613315,4.76388600
6.93680015,4.66340200
6.93746715,4.76583000
6.93813415,4.69272000
6.93880115,4.63599700
6.93946815,4.63599700
6.94013515,4.55873000
6.94080215,4.50623400
6.94146915,4.48115400
6.94213615,4.40357800
6.94280315,4.00111700
6.94347015,4.03016500
6.94413715,3.92707000
6.94480415,3.77774300
6.94547115,3.92867000
6.94613815,3.93067000
6.94680515,3.90580200
6.94747215,4.03386100
6.94813915,4.13447900
6.94880615,4.03386100
6.94947315,4.15946300
6.95014015,4.05879400
6.95080715,4.10703800
6.95147415,4.15353700
6.95214115,4.10160200
6.95280815,4.17711800
6.95347515,4.07668400
6.95414215,4.09951100
6.95480915,4.12690100
6.95547615,4.10616900
6.95614315,4.15641100
6.95681015,4.08042700
6.95747715,3.90222300
6.95814415,3.87125300
6.95881115,3.72060300
6.95947815,3.64299500
6.96014515,3.74799300
6.96081215,3.75143400
6.96147915,3.77428100
6.96214615,3.69660200
6.96281315,3.59607600
6.96348015,3.59607600
6.96414715,3.62349200
6.96481415,3.77428100
6.96548115,3.80169700
6.96614815,3.77428100
6.96681515,3.85039000
6.96748215,3.79558000
6.96814915,3.87322700
6.96881615,3.82103600
6.96948315,3.72250000
6.97015015,3.77081900
6.97081715,3.69509500
6.97148415,3.74533700
6.97215115,3.82103600
6.97281815,3.77274200
6.97348515,3.74533700
6.97415215,3.85039000
6.97481915,3.87678100
6.97548615,3.87836100
6.97615315,4.00846000
6.97682015,3.93067000
6.97748715,3.90779100
6.97815415,3.93324400
6.97882115,3.72591600
6.97948815,3.59790900
6.98015515,3.46813500
6.98082215,3.34189500
6.98148915,3.46813500
6.98215615,3.56866000
6.98282315,3.92707000
6.98349015,4.05301100
6.98415715,4.00478800
6.98482415,3.95449900
6.98549116,3.77428100
6.98615816,3.77428100
6.98682516,3.82454300
6.98749216,3.95449900
6.98815916,3.97897900
6.98882616,4.00846000
6.98949316,4.10912900
6.99016016,4.13447900
6.99082716,4.08417000
6.99149416,4.15946300
6.99216116,4.08624900
6.99282816,3.98720300
6.99349516,3.73274800
6.99416216,3.73085000
6.99482916,3.70187600
6.99549616,3.77774300
6.99616316,4.03221800
6.99683016,4.00478800
6.99749716,4.21222900
6.99816416,4.23725300
6.99883116,4.21051400
6.99949816,4.31109000
7.00016516,4.36137900
7.00083216,4.36137900
7.00149916,4.54152400
7.00216616,4.51224400
7.00283316,4.43909700
7.00350016,4.51224400
7.00416716,4.53967400
7.00483416,4.53967400
7.00550116,4.56710400
7.00616816,4.63788800
7.00683516,4.71364400
7.00750216,4.76145800
7.00816916,4.86447000
7.00883616,4.91667300
7.00950316,4.89177600
7.01017016,4.94655300
7.01083716,4.89826000
7.01150416,4.87081900
7.01217116,4.77020100
7.01283816,4.69053900
7.01350516,4.74298300
7.01417216,4.74540000
7.01483916,4.82296400
7.01550616,5.00142200
7.01617316,5.10468800
7.01684016,5.25499600
7.01750716,5.40096900
7.01817416,5.45858000
7.01884116,5.50606300
7.01950816,5.55632600
7.02017516,5.62943600
7.02084216,5.65454700
7.02150916,5.70478800
7.02217616,5.83267800
7.02284316,5.80764100
7.02351016,5.93558200
7.02417716,5.88831800
7.02484416,5.79010000
7.02551116,5.78774100
7.02617816,5.81060000
7.02684516,5.86546000
7.02751216,5.81060000
7.02817916,5.86546000
7.02884616,5.71002300
7.02951316,5.71235000
7.03018016,5.76265900
7.03084716,5.74271300
7.03151416,5.76794000
7.03218116,5.91358600
7.03284816,6.01632500
7.03351516,6.14120300
7.03418216,6.36707400
7.03484916,6.34225400
7.03551616,6.36967000
7.03618316,6.49761200
7.03685016,6.47349300
7.03751716,6.62555300
7.03818416,6.75236500
7.03885116,6.80999900
7.03951816,6.83008400
7.04018516,6.77979600
7.04085216,6.80722500
7.04151916,6.77979600
7.04218616,6.88037200
7.04285316,7.03867600
7.04352016,6.93348500
7.04418716,6.98836800
7.04485416,6.91413500
7.04552116,6.75511600
7.04618816,6.83286800
7.04685516,6.80265400
7.04752216,6.83008400
7.04818916,6.93066100
7.04885616,6.98379400
7.04952316,7.06154300
7.05019016,7.03867600
7.05085716,7.08898500
7.05152416,7.18301400
7.05219116,7.26069300
7.05285816,7.38863500
7.05352516,7.48916100
7.05419216,7.63994900
7.05485916,7.58659200
7.05552616,7.74188700
7.05619316,7.74504400
7.05686016,7.58968500
7.05752716,7.77501600
7.05819416,7.69726600
7.05886116,7.67127200
7.05952816,7.72156000
7.06019516,7.72156000
7.06086216,7.67127200
7.06152916,7.67439800
7.06219616,7.67830500
7.06286316,7.59664700
7.06353016,7.75214800
7.06419716,7.80245700
7.06486416,7.77184900
7.06553116,7.92594300
7.06619816,7.79927800
7.06686516,7.89985600
7.06753216,8.07815100
7.06819916,7.99635800
7.06886616,8.20197900
7.06953316,8.17122900
7.07020016,8.22147200
7.07086716,8.24887800
7.07153416,8.27628200
7.07220116,8.37676600
7.07286816,8.42700900
7.07353516,8.62797800
7.07420216,8.63149700
7.07486916,8.74104400
7.07553616,8.69429700
7.07620316,8.59347900
7.07687016,8.67126800
7.07753716,8.53531900
7.07820416,8.58560800
7.07887116,8.43474200
7.07953816,8.38445300
7.08020516,8.33298800
7.08087216,8.23236900
7.08153916,8.28267900
7.08220616,8.27930500
7.08287316,8.32992100
7.08354016,8.38018200
7.08420716,8.58123500
7.08487416,8.63149700
7.08554116,8.76747300
7.08620816,8.81419100
7.08687516,8.71361400
7.08754216,8.78685600
7.08820916,8.73303100
7.08887616,8.82901200
7.08954316,8.87560600
7.09021016,8.85640300
7.09087716,8.80162100
7.09154416,8.63606600
7.09221116,8.63606600
7.09287816,8.68633000
7.09354516,8.79133300
7.09421216,8.83711800
7.09487916,8.71361400
7.09554616,8.48848800
7.09621316,8.38445300
7.09688016,8.40303000
7.09754716,8.52749400
7.09821416,8.70118800
7.09888116,8.75586800
7.09954816,8.75943900
7.10021516,8.78685600
7.10088216,8.78685600
7.10154916,8.83351500
7.10221616,8.86092000
7.10288316,8.83351500
7.10355016,8.83351500
7.10421716,8.82901200
7.10488416,8.87923000
7.10555116,9.00705300
7.10621816,8.93400000
7.10688516,8.93764400
7.10755216,8.84162000
7.10821916,8.63589600
7.10888616,8.63589600
7.10955316,8.58560800
7.11022016,8.63606600
7.11088716,8.71716500
7.11155416,8.66332500
7.11222116,8.51592900
7.11288816,8.48848800
7.11355516,8.45329300
7.11422216,8.45329300
7.11488916,8.48070900
7.11555616,8.38018200
7.11622316,8.35702300
7.11689016,8.41073800
7.11755716,8.43474200
7.11822416,8.46562000
7.11889116,8.38787000
7.11955816,8.32992100
7.12022516,8.30250500
7.12089216,8.32228000
7.12155916,8.29150400
7.12222616,8.29488900
7.12289316,8.24887800
7.12356016,8.23358700
7.12422716,8.23358700
7.12489416,8.13175200
7.12556116,8.18206000
7.12622816,8.05400200
7.12689516,8.00369400
7.12756216,8.02786300
7.12822916,7.94609500
7.12889616,7.84556900
7.12956316,7.74441900
7.13023016,7.63994900
7.13089716,7.69021200
7.13156416,7.79530600
7.13223116,7.92001900
7.13289816,7.97351100
7.13356516,7.97351100
7.13423216,8.04334100
7.13489916,7.99309900
7.13556616,7.79212900
7.13623316,7.68707700
7.13690016,7.58272400
7.13756716,7.60701000
7.13823416,7.67610400
7.13890116,7.60701000
7.13956816,7.53250800
7.14023516,7.38562300
7.14090216,7.36497000
7.14156916,7.38863500
7.14223616,7.28725100
7.14290316,7.33753900
7.14357016,7.28354000
7.14423716,7.21043000
7.14490416,7.15924500
7.14557116,6.93066100
7.14623816,6.88037200
7.14690516,6.72950700
7.14757216,6.77358000
7.14823916,6.79641700
7.14890616,6.82660500
7.14957316,6.87686800
7.15024016,6.77979600
7.15090716,6.72950700
7.15157416,6.39251800
7.15224116,6.34225400
7.15290816,6.33966900
7.15357516,6.36707400
7.15424216,6.59813700
7.15490916,6.45063400
7.15557616,6.52378100
7.15624316,6.47349300
7.15691016,6.42320400
7.15757716,6.47019600
7.15824416,6.27233900
7.15891116,6.19146600
7.15957816,6.21634700
7.16024516,6.16153700
7.16091216,6.05796200
7.16157916,6.16153700
7.16224616,6.09094000
7.16291316,5.96056700
7.16358016,6.06105200
7.16424716,5.91032600
7.16491416,5.75209700
7.16558116,5.78479300
7.16624816,5.60658900
7.16691516,5.58201600
7.16758216,5.65973500
7.16824916,5.60944700
7.16891616,5.65973500
7.16958316,5.52891000
7.17025016,5.42617200
7.17091716,5.37318900
7.17158416,5.39381300
7.17225116,5.39106100
7.17291816,5.31840700
7.17358516,5.26819000
7.17425216,5.02171300
7.17491916,4.92369500
7.17558616,4.86635400
7.17625316,4.68815000
7.17692016,4.73841300
7.17758716,4.79324500
7.17825416,4.81609200
7.17892116,4.79129200
7.17958816,4.66102500
7.18025516,4.61316000
7.18092216,4.53320000
7.18158916,4.66340200
7.18225616,4.81609200
7.18292316,4.79129200
7.18359016,4.71556600
7.18425716,4.58762500
7.18492416,4.48709900
7.18559116,4.35738000
7.18625816,4.27755100
7.18692516,4.33233300
7.18759216,4.30099000
7.18825916,4.40357800
7.18892616,4.50580900
7.18959316,4.53320000
7.19026016,4.63599700
7.19092716,4.50994600
7.19159416,4.48709900
7.19226116,4.61316000
7.19292816,4.33174100
7.19359516,4.33394900
7.19426216,4.21051400
7.19492916,4.03386100
7.19559616,3.98193000
7.19626316,3.87480700
7.19693016,3.97990200
7.19759716,3.95248500
7.19826416,3.95248500
7.19893116,4.07876400
7.19959816,4.02852200
7.20026516,4.05301100
7.20093216,4.23509700
7.20159916,4.13447900
7.20226616,4.03591500
7.20293316,3.90779100
7.20360016,3.74877400
7.20426716,3.72591600
7.20493416,3.79712800
7.20560116,3.72250000
7.20626816,3.72250000
7.20693516,3.82454300
7.20760216,3.80169700
7.20826916,3.85392300
7.20893616,3.90421100
7.20960316,3.80169700
7.21027016,3.74686500
7.21093716,3.69660200
7.21160416,3.59790900
7.21227116,3.44844800
7.21293816,3.42100700
7.21360516,3.50053800
7.21427216,3.50053800
7.21493916,3.57505100
7.21560616,3.52162500
7.21627316,3.62533900
7.21694016,3.74877400
7.21760716,3.95611100
7.21827416,4.10703800
7.21894116,3.98193000
7.21960816,4.00478800
7.22027516,4.00478800
7.22094216,3.97990200
7.22160916,4.03221800
7.22227616,4.00111700
7.22294316,3.92963900
7.22361016,3.97827900
7.22427716,3.94724900
7.22494416,3.67225800
7.22561116,3.59461000
7.22627816,3.46990200
7.22694516,3.70187600
7.22761216,3.95611100
7.22827916,3.93324400
7.22894616,3.95812500
7.22961316,3.67899700
7.23028016,3.70338300
7.23094716,3.78120500
7.23161416,3.82805200
7.23228116,3.87836100
7.23294816,3.87836100
7.23361516,4.03386100
7.23428216,4.03221800
7.23494916,4.00478800
7.23561616,4.00274800
7.23628316,3.95087400
7.23695016,4.00478800
7.23761716,4.15810600
7.23828416,4.28366000
7.23895116,4.28366000
7.23961816,4.27973300
7.24028516,4.33174100
7.24095216,4.33174100
7.24161916,4.35915800
7.24228616,4.38423700
7.24295316,4.30889500
7.24362016,4.23121500
7.24428716,4.30889500
7.24495416,4.36315600
7.24562116,4.41571100
7.24628816,4.52095700
7.24695516,4.46786500
7.24762216,4.49350200
7.24828916,4.49121500
7.24895616,4.48938600
7.24962316,4.48938600
7.25029016,4.58575500
7.25095716,4.71364400
7.25162416,4.66530400
7.25229116,4.71556600
7.25295816,4.84597600
7.25362516,4.99684100
7.25429216,5.28028500
7.25495916,5.35070600
7.25562616,5.30314400
7.25629316,5.17724600
7.25696016,5.10406900
7.25762716,5.13163500
7.25829416,5.13163500
7.25896116,5.20733600
7.25962816,5.30530500
7.26029516,5.27571300
7.26096216,5.27571300
7.26162916,5.27571300
7.26229616,5.17513700
7.26296316,5.19991700
7.26363016,5.27302600
7.26429716,5.30314400
7.26496416,5.38305500
7.26563116,5.61458900
7.26629816,5.58713300
7.26696516,5.66492400
7.26763216,5.74271300
7.26829916,5.58713300
7.26896616,5.63976300
7.26963316,5.66723000
7.27030016,5.76559300
7.27096716,5.91815900
7.27163416,6.01632500
7.27230116,6.14120300
7.27296816,6.01081000
7.27363516,6.01326100
7.27430216,6.11378700
7.27496916,6.08947200
7.27563616,6.30353400
7.27630316,6.40163900
7.27697016,6.47613000
7.27763716,6.52976200
7.27830416,6.50230700
7.27897116,6.45197200
7.27963816,6.35453600
7.28030516,6.39838100
7.28097216,6.47613000
7.28163916,6.63043100
7.28230616,6.73224900
7.28297316,6.83286800
7.28364016,6.82660500
7.28430716,6.95171200
7.28497416,7.07960200
7.28564116,7.10243900
7.28630816,7.36121900
7.28697516,7.34211200
7.28764216,7.39541200
7.28830916,7.46554700
7.28897616,7.41148200
7.28964316,7.41148200
7.29031016,7.43586500
7.29097716,7.33380200
7.29164416,7.28725100
7.29231116,7.43889800
7.29297816,7.48916100
7.29364516,7.62098400
7.29431216,7.91545100
7.29497916,7.74047500
7.29564616,7.58968500
7.29631316,7.58968500
7.29698016,7.29022100
7.29764716,7.41828100
7.29831416,7.52272600
7.29898116,7.65085000
7.29964816,7.77897500
7.30031516,7.65085000
7.30098216,7.82930900
7.30164916,7.77501600
7.30231616,7.67127200
7.30298316,7.91867900
7.30365016,7.86841600
7.30431716,8.05072100
7.30498416,8.30250500
7.30565116,8.35276700
7.30631816,8.42271300
7.30698516,8.27628200
7.30765216,8.25644600
7.30831916,8.33756200
7.30898616,8.28689600
7.30965316,8.33756200
7.31032016,8.08555700
7.31098716,7.98488800
7.31165416,8.05810200
7.31232116,8.03113400
7.31298816,8.23236900
7.31365516,8.23236900
7.31432216,8.08144300
7.31498916,8.13175200
7.31565616,8.14714700
7.31632316,8.30250500
7.31699016,8.38018200
7.31765716,8.50812500
7.31832416,8.63606600
7.31899116,8.43044600
7.31965816,8.63606600
7.32032516,8.65538300
7.32099216,8.63149700
7.32165916,8.73303100
7.32232616,8.70118800
7.32299316,8.73303100
7.32366016,8.75140400
7.32432716,8.83351500
7.32499416,8.58560800
7.32566116,8.52026500
7.32632816,8.54314400
7.32699516,8.77640100
7.32766216,9.08314000
7.32832916,9.15630900
7.32899616,9.08221600
7.32966316,8.84972700
7.33033016,8.72515300
7.33099716,8.62444300
7.33166416,8.75262000
7.33233116,8.82227100
7.33299816,8.86447900
7.33366516,8.99248700
7.33433216,9.01532200
7.33499916,8.96962700
7.33566616,9.02359200
7.33633316,9.09300100
7.33700016,9.08929400
7.33766716,9.20792000
7.33833416,9.35931400
7.33900116,9.31766900
7.33966816,9.19821200
7.34033516,9.17078200
7.34100216,8.96962700
7.34166916,8.89191000
7.34233616,9.01532200
7.34300316,8.76390200
7.34367016,8.84522300
7.34433716,8.84522300
7.34500416,8.74905800
7.34567116,8.87718200
7.34633816,8.79491500
7.34700516,8.94677000
7.34767216,9.01991600
7.34833916,9.04273800
7.34900616,9.22564100
7.34967316,9.09763500
7.35034016,9.06558500
7.35100716,9.04273800
7.35167416,8.96140500
7.35234116,8.98424300
7.35300816,9.09300100
7.35367516,9.14792300
7.35434216,9.09306300
7.35500916,9.17452000
7.35567616,9.02359200
7.35634316,8.98790600
7.35701016,9.01532200
7.35767716,8.88738100
7.35834416,8.88375800
7.35901116,8.89191000
7.35967816,8.61654700
7.36034516,8.69075600
7.36101216,8.91933900
7.36167916,8.91933900
7.36234616,9.01991600
7.36301316,8.82235600
7.36368016,8.53879700
7.36434716,8.46217200
7.36501416,8.50812500
7.36568116,8.60514100
7.36634816,8.68633000
7.36701516,8.66332500
7.36768216,8.69075600
7.36834916,8.65538300
7.36901616,8.55053700
7.36968316,8.49229000
7.37035016,8.54704800
7.37101716,8.58123500
7.37168416,8.55489800
7.37235116,8.55838700
7.37301816,8.46217200
7.37368516,8.30250500
7.37435216,8.25981000
7.37501916,8.15919300
7.37568616,8.22901600
7.37635316,8.36042900
7.37702016,8.38787000
7.37768716,8.30673500
7.37835416,8.02786300
7.37902116,7.66736500
7.37968816,7.61710300
7.38035516,7.69870200
7.38102216,7.72156000
7.38168916,7.84956700
7.38235616,7.71762800
7.38302316,7.73337500
7.38369016,7.71054900
7.38435716,7.73021900
7.38502416,7.78815600
7.38569116,7.74504400
7.38635816,7.61710300
7.38702516,7.51583500
7.38769216,7.48916100
7.38835916,7.38562300
7.38902616,7.38185700
7.38969316,7.35821800
7.39036016,7.26069300
7.39102716,7.23696300
7.39169416,7.23991200
7.39236116,7.16381600
7.39302816,7.16381600
7.39369516,7.05507200
7.39436216,6.74892600
7.39502916,6.62555300
7.39569616,6.44734900
7.39636316,6.37551300
7.39703016,6.55721800
7.39769716,6.60419000
7.39836416,6.57407000
7.39903116,6.56804300
7.39969816,6.51780100
7.40036516,6.44606300
7.40103216,6.50092300
7.40169916,6.14433200
7.40236616,6.14120300
7.40303316,6.08845700
7.40370016,6.11129400
7.40436716,6.28622000
7.40503416,6.23600400
7.40570116,6.23600400
7.40636816,6.16153700
7.40703516,6.21177900
7.40770216,6.18894200
7.40836916,6.24172900
7.40903616,6.09094000
7.40970316,6.11690200
7.41037016,6.14433200
7.41103716,5.86247300
7.41170416,5.83267800
7.41237116,5.62714100
7.41303816,5.42617200
7.41370516,5.47864800
7.41437216,5.35070600
7.41503916,5.34852500
7.41570616,5.39876700
7.41637316,5.39601500
7.41704016,5.44623100
7.41770716,5.50381900
7.41837416,5.47641400
7.41904116,5.37318900
7.41970816,5.19514800
7.42037516,5.12015000
7.42104216,4.97145000
7.42170916,4.94655300
7.42237616,4.97398300
7.42304316,4.99429700
7.42371016,4.98971600
7.42437716,4.91461300
7.42504416,4.91461300
7.42571116,4.68815000
7.42637816,4.69053900
7.42704516,4.71989200
7.42771216,4.77020100
7.42837916,4.84795100
7.42904616,4.64450600
7.42971316,4.51865600
7.43038016,4.43909700
7.43104716,4.28366000
7.43171416,4.38880900
7.43238116,4.43683700
7.43304816,4.43683700
7.43371516,4.53736200
7.43438216,4.43276700
7.43504916,4.68385000
7.43571616,4.63363400
7.43638317,4.35338200
7.43705017,4.45377400
7.43771717,4.14803400
7.43838417,4.09951100
7.43905117,4.33233300
7.43971817,4.30713800
7.44038517,4.30889500
7.44105217,4.20836900
7.44171917,4.10616900
7.44238617,3.95087400
7.44305317,3.89864300
7.44372017,3.92347000
7.44438717,3.97735800
7.44505417,4.15565300
7.44572117,4.10536500
7.44638817,4.00478800
7.44705517,3.97990200
7.44772217,3.80169700
7.44838917,3.82454300
7.44905617,3.85196000
7.44972317,3.87480700
7.45039017,3.95087400
7.45105717,4.00111700
7.45172417,4.07668400
7.45239117,4.02646800
7.45305817,4.08042700
7.45372517,4.16022500
7.45439217,4.08417000
7.45505917,4.10703800
7.45572617,3.95449900
7.45639317,3.69848600
7.45706017,3.64633900
7.45772717,3.59607600
7.45839417,3.54581400
7.45906117,3.62201500
7.45972817,3.62349200
7.46039517,3.54581400
7.46106217,3.62349200
7.46172917,3.57323000
7.46239617,3.64633900
7.46306317,3.64633900
7.46373017,3.62533900
7.46439717,3.67712500
7.46506417,3.67712500
7.46573117,3.77966600
7.46639817,3.85392300
7.46706517,3.82805200
7.46773217,3.80363400
7.46839917,3.82454300
7.46906617,3.80518400
7.46973317,3.82649200
7.47040017,3.95611100
7.47106717,4.00642000
7.47173417,4.02764600
7.47240117,4.00478800
7.47306817,3.82649200
7.47373517,3.75487500
7.47440217,3.69999300
7.47506917,3.57505100
7.47573617,3.72743400
7.47640317,3.82454300
7.47707017,3.95449900
7.47773717,4.18308400
7.47840417,4.05507700
7.47907117,3.90779100
7.47973817,3.80518400
7.48040517,3.80518400
7.48107217,3.80363400
7.48173917,3.90421100
7.48240617,4.00478800
7.48307317,4.08417000
7.48374017,4.28147800
7.48440717,4.30889500
7.48507417,4.41166700
7.48574117,4.28147800
7.48640817,4.23509700
7.48707517,4.46195600
7.48774217,4.43683700
7.48840917,4.58762500
7.48907617,4.69272000
7.48974317,4.56710400
7.49041017,4.46195600
7.49107717,4.40942000
7.49174417,4.33454300
7.49241117,4.30889500
7.49307817,4.41166700
7.49374517,4.51865600
7.49441217,4.56896500
7.49507917,4.51681600
7.49574617,4.43909700
7.49641317,4.34028800
7.49708017,4.39059700
7.49774717,4.51681600
7.49841417,4.61739300
7.49908117,4.74540000
7.49974817,4.81609200
7.50041517,4.84350800
7.50108217,4.86635400
7.50174917,5.09482200
7.50241617,5.12484800
7.50308317,5.17513700
7.50375017,5.34852500
7.50441717,5.27060400
7.50508417,5.37099600
7.50575117,5.46859700
7.50641817,5.50101300
7.50708517,5.57917300
7.50775217,5.65973500
7.50841917,5.63460000
7.50908617,5.53679900
7.50975317,5.43336400
7.51042017,5.30314400
7.51108717,5.30530500
7.51175417,5.40372100
7.51242117,5.50149400
7.51308817,5.58201600
7.51375517,5.67969900
7.51442217,5.78243500
7.51508917,5.83803000
7.51575617,5.91574900
7.51642317,5.94102700
7.51709017,5.91815900
7.51775717,6.01877700
7.51842417,6.11690200
7.51909117,6.16405000
7.51975817,6.27233900
7.52042517,6.31940700
7.52109217,6.31940700
7.52175917,6.37291600
7.52242617,6.44734900
7.52309317,6.32262800
7.52376017,6.34807200
7.52442717,6.32520400
7.52509417,6.32842400
7.52576117,6.42582200
7.52642817,6.37551300
7.52709517,6.39838100
7.52776217,6.29776300
7.52842917,6.33100000
7.52909617,6.50953200
7.52976317,6.51284300
7.53043017,6.66127400
7.53109717,6.83634600
7.53176417,6.73567600
7.53243117,6.96092600
7.53309817,7.09259400
7.53376517,7.00837900
7.53443217,6.98196300
7.53509917,6.95454600
7.53576617,6.82382200
7.53643317,6.90428400
7.53710017,7.21043000
7.53776717,7.23032900
7.53843417,7.38863500
7.53910117,7.43889800
7.53976817,7.26069300
7.54043517,7.36497000
7.54110217,7.28354000
7.54176917,7.21410400
7.54243617,7.29022100
7.54310317,7.11185300
7.54377017,7.09548100
7.54443717,7.17038400
7.54510417,7.23991200
7.54577117,7.39083900
7.54643817,7.44268800
7.54710517,7.39240000
7.54777217,7.39541200
7.54843917,7.44268800
7.54910617,7.63994900
7.54977317,7.71762800
7.55044017,7.89261300
7.55110717,7.94285600
7.55177417,7.96163200
7.55244117,7.99309900
7.55310817,7.99309900
7.55377517,8.09815000
7.55444217,8.04662000
7.55510917,8.11684800
7.55577617,8.09358300
7.55644317,8.07074500
7.55711017,8.17456200
7.55777717,8.20615900
7.55844417,8.12844000
7.55911117,8.13175200
7.55977817,8.08144300
7.56044517,8.21368200
7.56111217,8.28689600
7.56177917,8.26401600
7.56244617,8.28689600
7.56311317,8.28267900
7.56378017,8.39213900
7.56444717,8.43817900
7.56511417,8.43817900
7.56578117,8.41073800
7.56644817,8.30250500
7.56711517,8.48070900
7.56778217,8.55489800
7.56844917,8.58560800
7.56911617,8.58910700
7.56978317,8.54314400
7.57045017,8.67479800
7.57111717,8.72160300
7.57178417,8.86905100
7.57245117,8.78685600
7.57311817,8.65891400
7.57378517,8.55489800
7.57445217,8.55838700
7.57511917,8.45786200
7.57578617,8.50812500
7.57645317,8.53531900
7.57712017,8.56623700
7.57778717,8.77193600
7.57845417,8.69872400
7.57912117,8.70226500
7.57978817,8.65173000
7.58045517,8.47310700
7.58112217,8.45020700
7.58178917,8.54662200
7.58245617,8.59347900
7.58312317,8.71716500
7.58379017,8.91479700
7.58445717,8.91479700
7.58512417,9.01164700
7.58579117,8.93400000
7.58645817,8.91479700
7.58712517,9.11213200
7.58779217,9.03448500
7.58845917,9.05727000
7.58912617,8.95683600
7.58979317,8.80162100
7.59046017,8.70118800
7.59112717,8.83351500
7.59179417,8.80970200
7.59246117,8.71361400
7.59312817,8.71716500
7.59379517,8.67479800
7.59446217,8.69414800
7.59512917,8.72160300
7.59579617,8.79939300
7.59646317,8.74104400
7.59713017,8.76747300
7.59779717,8.71716500
7.59846417,8.63589600
7.59913117,8.63589600
7.59979817,8.63149700
7.60046517,8.70562600
7.60113217,8.77879600
7.60179917,8.92944600
7.60246617,8.95683600
7.60313317,8.79802900
7.60380017,8.85183800
7.60446717,8.70118800
7.60513417,8.54597200
7.60580117,8.55033100
7.60646817,8.37676600
7.60713517,8.38018200
7.60780217,8.36042900
7.60846917,8.36042900
7.60913617,8.21368200
7.60980317,8.13589200
7.61047017,8.10888400
7.61113717,8.05857500
7.61180417,8.07815100
7.61247117,7.97351100
7.61313817,8.02050300
7.61380517,8.04662000
7.61447217,8.14714700
7.61513917,8.14714700
7.61580617,8.17456200
7.61647317,8.17122900
7.61714017,8.07074500
7.61780717,8.12098800
7.61847417,8.03924000
7.61914117,7.98902400
7.61980817,8.08945800
7.62047517,8.11684800
7.62114217,8.14382600
7.62180917,8.12098800
7.62247617,8.04334100
7.62314317,7.99309900
7.62381017,7.91545100
7.62447717,7.89583300
7.62514417,7.82213800
7.62581117,7.60051500
7.62647817,7.52578800
7.62714517,7.55018100
7.62781217,7.54633900
7.62847917,7.56684000
7.62914617,7.46174400
7.62981317,7.38863500
7.63048017,7.23327700
7.63114717,7.20586100
7.63181417,7.18008600
7.63248117,7.15559800
7.63314817,7.26439200
7.63381517,7.36497000
7.63448217,7.44572100
7.63514917,7.44268800
7.63581617,7.43586500
7.63648317,7.23032900
7.63715017,7.33081200
7.63781717,7.25773300
7.63848417,7.03580900
7.63915117,7.05866700
7.63981817,6.95171200
7.64048517,7.00480900
7.64115217,7.00195400
7.64181917,6.80375800
7.64248617,6.57674900
7.64315317,6.32520400
7.64382017,6.45197200
7.64448717,6.62705800
7.64515417,6.60150000
7.64582117,6.62435800
7.64648817,6.42582200
7.64715517,6.34807200
7.64782217,6.24491000
7.64848917,6.14746200
7.64915617,6.24172900
7.64982317,6.24491000
7.65049017,6.32842400
7.65115717,6.29519700
7.65182417,6.24491000
7.65249117,6.11378700
7.65315817,5.98340500
7.65382517,6.11129400
7.65449217,6.01081000
7.65515917,5.95842900
7.65582617,6.06661400
7.65649317,5.83803000
7.65716017,5.63230500
7.65782717,5.53172800
7.65849417,5.35561400
7.65916117,5.43336400
7.65982817,5.40592300
7.66049517,5.45580000
7.66116217,5.42340600
7.66182917,5.17250200
7.66249617,5.07197600
7.66316317,4.99684100
7.66383017,4.97601000
7.66449717,5.09482200
7.66516417,5.17250200
7.66583117,5.09741900
7.66649817,5.09482200
7.66716517,5.09274600
7.66783217,5.06732400
7.66849917,5.03787600
7.66916617,4.96030000
7.66983317,4.93949900
7.67050017,4.99226000
7.67116717,4.99429700
7.67183417,4.96942300
7.67250117,4.89177600
7.67316817,4.84153400
7.67383517,4.84153400
7.67450217,4.86635400
7.67516917,4.73841300
7.67583617,4.58996200
7.67650317,4.40942000
7.67717017,4.28147800
7.67783717,4.30889500
7.67850417,4.30889500
7.67917117,4.38880900
7.67983817,4.31284700
7.68050517,4.26253800
7.68117217,4.49121500
7.68183917,4.46195600
7.68250617,4.48709900
7.68317317,4.56477800
7.68384017,4.38478500
7.68450717,4.22949100
7.68517417,4.27755100
7.68584117,4.12690100
7.68650817,4.09951100
7.68717517,4.35515900
7.68784217,4.35515900
7.68850917,4.43502800
7.68917617,4.40762200
7.68984317,4.25863200
7.69051017,4.26080200
7.69117717,4.08250700
7.69184417,4.13279500
7.69251117,4.03386100
7.69317817,3.85549400
7.69384517,3.95449900
7.69451217,3.77774300
7.69517917,3.77428100
7.69584617,3.74877400
7.69651317,3.67712500
7.69718017,3.69999300
7.69784717,3.72933200
7.69851417,3.75030200
7.69918117,3.82649200
7.69984817,3.82454300
7.70051517,3.90222300
7.70118217,3.90222300
7.70184917,3.85392300
7.70251617,3.79906300
7.70318317,3.82454300
7.70385017,3.84739000
7.70451717,3.82298400
7.70518417,3.90063200
7.70585117,3.77620400
7.70651817,3.82649200
7.70718517,3.80518400
7.70785217,3.75221100
7.70851917,3.77620400
7.70918617,3.69999300
7.70985317,3.77774300
7.71052017,3.80518400
7.71118717,3.85745600
7.71185417,3.88388900
7.71252117,3.81060800
7.71318817,3.83350800
7.71385517,3.80867100
7.71452217,3.85392300
7.71518917,3.90222300
7.71585617,3.95248500
7.71652317,4.10536500
7.71719017,4.31284700
7.71785717,4.38825700
7.71852417,4.28540600
7.71919117,4.33792200
7.71985817,4.10703800
7.72052517,4.13447900
7.72119217,4.18308400
7.72185917,4.05135900
7.72252617,4.10327400
7.72319317,4.12900600
7.72386017,4.13069000
7.72452717,4.07876400
7.72519417,4.13069000
7.72586117,4.05301100
7.72652817,4.00478800
7.72719517,4.00846000
7.72786217,3.98100400
7.72852917,4.01009100
7.72919617,4.15946300
7.72986317,4.23509700
7.73053017,4.20836900
7.73119717,4.28366000
7.73186417,4.26470800
7.73253117,4.31504300
7.73319817,4.46604600
7.73386517,4.53967400
7.73453217,4.61504100
7.73519917,4.56477800
7.73586617,4.36137900
7.73653317,4.48938600
7.73720017,4.61504100
7.73786717,4.71796900
7.73853417,4.97145000
7.73920117,4.81609200
7.73986817,4.76825800
7.74053517,4.79568800
7.74120217,4.69053900
7.74186917,4.61927400
7.74253617,4.59417100
7.74320317,4.59417100
7.74387017,4.62350700
7.74453717,4.87329800
7.74520417,4.92369500
7.74587117,4.99684100
7.74653817,5.12223800
7.74720517,4.99429700
7.74787217,4.99684100
7.74853917,5.06990900
7.74920617,5.14755500
7.74987317,5.27759600
7.75054017,5.42617200
7.75120717,5.38086200
7.75187417,5.20256700
7.75254117,5.25285500
7.75320817,5.27571300
7.75387517,5.51111400
7.75454217,5.76265900
7.75520917,5.86088800
7.75587617,5.86327600
7.75654317,5.72996200
7.75721017,5.71002300
7.75787717,5.55685000
7.75854417,5.55458600
7.75921117,5.65685300
7.75987817,5.70478800
7.76054517,5.91032600
7.76121217,5.98584600
7.76187917,6.09652700
7.76254617,6.22317900
7.76321317,6.14996500
7.76388017,6.11939500
7.76454717,6.16719100
7.76521417,6.16719100
7.76588117,6.21431300
7.76654817,6.29199100
7.76721517,6.24491000
7.76788217,6.29519700
7.76854917,6.50357200
7.76921617,6.60419000
7.76988317,6.68194000
7.77055017,6.83008400
7.77121717,6.83008400
7.77188417,6.91061700
7.77255117,6.93066100
7.77321817,6.83286800
7.77388517,6.90780200
7.77455217,6.95809000
7.77521917,6.93348500
7.77588617,7.01123500
7.77655317,6.83634600
7.77722017,6.78255800
7.77788717,6.93348500
7.77855417,6.98196300
7.77922117,7.22664300
7.77988817,7.28057100
7.78055517,7.20749000
7.78122217,7.23327700
7.78188917,7.26439200
7.78255617,7.38863500
7.78322317,7.50894500
7.78389017,7.63683400
7.78455717,7.94285600
7.78522417,7.99635800
7.78589117,7.94609500
7.78655817,7.95338400
7.78722517,7.70118400
7.78789217,7.67830500
7.78855917,7.83249600
7.78922617,7.80245700
7.78989317,7.80245700
7.79056017,7.87563400
7.79122717,7.85276600
7.79189417,7.80642900
7.79256117,7.80642900
7.79322817,7.82532500
7.79389517,7.90709800
7.79456217,7.70118400
7.79522917,7.72470700
7.79589617,7.70510300
7.79656317,7.67830500
7.79723017,7.93051600
7.79789717,7.88421900
7.79856417,7.95338400
7.79923117,8.02786300
7.79989817,8.15586900
7.80056517,8.07403700
7.80123217,8.14839300
7.80189917,8.15171600
7.80256617,7.99635800
7.80323317,8.40303000
7.80390017,8.40303000
7.80456717,8.39960500
7.80523417,8.71361400
7.80590117,8.66332500
7.80656817,8.66685600
7.80723517,8.74905800
7.80790217,8.68972400
7.80856917,8.64381300
7.80923617,8.58910700
7.80990317,8.48503000
7.81057017,8.43474200
7.81123717,8.40731200
7.81190417,8.32992100
7.81257117,8.35702300
7.81323817,8.43474200
7.81390517,8.43044600
7.81457217,8.56274800
7.81523917,8.70917600
7.81590617,8.73659200
7.81657317,8.89191000
7.81724017,8.96505900
7.81790717,8.88738100
7.81857417,8.97966300
7.81924117,8.90662000
7.81990817,8.88375800
7.82057517,9.11584900
7.82124217,8.96962700
7.82190917,9.06558500
7.82257617,8.99248700
7.82324317,8.80970200
7.82391017,8.89191000
7.82457717,8.71716500
7.82524417,8.79491500
7.82591117,8.87718200
7.82657817,8.87718200
7.82724517,9.00439500
7.82791217,9.12885500
7.82857917,9.05106500
7.82924617,8.95495000
7.82991317,8.86809200
7.83058017,8.74905800
7.83124717,8.69414800
7.83191417,8.76747300
7.83258117,8.82227100
7.83324817,8.74460600
7.83391517,8.81778200
7.83458217,8.81419100
7.83524917,8.93764400
7.83591617,8.96505900
7.83658317,8.93764400
7.83725017,8.98790600
7.83791717,8.90659500
7.83858417,8.96505900
7.83925117,8.98790600
7.83991817,8.86447900
7.84058517,8.94584200
7.84125217,8.94219800
7.84191917,8.84522300
7.84258617,8.84522300
7.84325317,8.82227100
7.84392017,8.79939300
7.84458717,8.91933900
7.84525417,8.96962700
7.84592117,8.83711800
7.84658817,8.89191000
7.84725517,8.79491500
7.84792217,8.79133300
7.84858917,8.74460600
7.84925617,8.76390200
7.84992317,8.99248700
7.85059017,8.94219800
7.85125717,8.93764400
7.85192417,8.86453300
7.85259117,8.63149700
7.85325817,8.58123500
7.85392517,8.71361400
7.85459217,8.71716500
7.85525917,8.66332500
7.85592617,8.61654700
7.85659317,8.45786200
7.85726017,8.40303000
7.85792717,8.35702300
7.85859417,8.35276700
7.85926117,8.36042900
7.85992817,8.04662000
7.86059517,8.02377400
7.86126217,8.07403700
7.86192917,7.92324800
7.86259617,8.10558100
7.86326317,8.10558100
7.86393017,8.10558100
7.86459717,8.05529200
7.86526417,7.97757400
7.86593117,7.92324800
7.86659817,7.86841600
7.86726517,8.06663100
7.86793217,7.99309900
7.86859917,8.07403700
7.86926617,7.91867900
7.86993317,7.82213800
7.87060017,7.86841600
7.87126717,7.79530600
7.87193417,7.86841600
7.87260117,7.79530600
7.87326817,7.82213800
7.87393517,7.77184900
7.87460217,7.72156000
7.87526917,7.72156000
7.87593617,7.61710300
7.87660317,7.56684000
7.87727017,7.51200700
7.87793717,7.31095600
7.87860417,7.18667400
7.87927117,7.03222600
7.87993817,6.93066100
7.88060517,6.98094900
7.88127217,7.05866700
7.88193917,7.18960300
7.88260617,7.26439200
7.88327317,7.23991200
7.88394017,7.13638600
7.88460717,6.90428400
7.88527417,6.87686800
7.88594117,7.00195400
7.88660818,7.02935900
7.88727518,7.10243900
7.88794218,6.92077700
7.88860918,6.79018100
7.88927618,6.79295300
7.88994318,6.74617500
7.89061018,6.67581700
7.89127718,6.45063400
7.89194418,6.09404400
7.89261118,5.65685300
7.89327818,5.60658900
7.89394518,5.47864800
7.89461218,5.70478800
7.89527918,5.93316300
7.89594618,5.93558200
7.89661318,6.03364700
7.89728018,5.93558200
7.89794718,5.88831800
7.89861418,5.78479300
7.89928118,5.71002300
7.89994818,5.57917300
7.90061518,5.75503100
7.90128218,5.78243500
7.90194918,5.82970500
7.90261618,5.87992100
7.90328318,5.62427300
7.90395018,5.52383900
7.90461718,5.47362300
7.90528418,5.49420500
7.90595118,5.39381300
7.90661818,5.36643300
7.90728518,5.24536500
7.90795218,4.97145000
7.90861918,5.07456100
7.90928618,5.09949600
7.90995318,5.02887800
7.91062018,5.09949600
7.91128718,4.94655300
7.91195418,4.73841300
7.91262118,4.73841300
7.91328818,4.71796900
7.91395518,4.71796900
7.91462218,4.71989200
7.91528918,4.69053900
7.91595618,4.68815000
7.91662318,4.71556600
7.91729018,4.79129200
7.91795718,4.73863300
7.91862418,4.71124100
7.91929118,4.78689500
7.91995818,4.63174300
7.92062518,4.58341700
7.92129218,4.58341700
7.92195918,4.48527000
7.92262618,4.69080700
7.92329318,4.76388600
7.92396018,4.66340200
7.92462718,4.56291700
7.92529418,4.58575500
7.92596118,4.48527000
7.92662818,4.30889500
7.92729518,4.25863200
7.92796218,4.00478800
7.92862918,3.92867000
7.92929618,4.00478800
7.92996318,3.98193000
7.93063018,4.00274800
7.93129718,4.05135900
7.93196418,4.02395400
7.93263118,4.12900600
7.93329818,4.12690100
7.93396518,4.07668400
7.93463218,4.22949100
7.93529918,4.27973300
7.93596618,4.23121500
7.93663318,4.25863200
7.93730018,4.22949100
7.93796718,4.07876400
7.93863418,4.07876400
7.93930118,4.00111700
7.93996818,3.90063200
7.94063518,3.92707000
7.94130218,3.95611100
7.94196918,4.00846000
7.94263618,3.98100400
7.94330318,3.95449900
7.94397018,3.95248500
7.94463718,3.79558000
7.94530418,3.74533700
7.94597118,3.67225800
7.94663818,3.62201500
7.94730518,3.69509500
7.94797218,3.69509500
7.94863918,3.67375500
7.94930618,3.64633900
7.94997318,3.64633900
7.95064018,3.64819700
7.95130718,3.79712800
7.95197418,3.80061100
7.95264118,3.72743400
7.95330818,3.84935100
7.95397518,3.82454300
7.95464218,3.90063200
7.95530918,4.02852200
7.95597618,3.95087400
7.95664318,3.92347000
7.95731018,3.79821000
7.95797718,3.69321100
7.95864418,3.69321100
7.95931118,3.57177300
7.95997818,3.59607600
7.96064518,3.64819700
7.96131218,3.72591600
7.96197918,3.69999300
7.96264618,3.77428100
7.96331318,3.82649200
7.96398018,3.77774300
7.96464718,3.85392300
7.96531418,3.83000100
7.96598118,3.85549400
7.96664818,3.85549400
7.96731518,4.03386100
7.96798218,4.16022500
7.96864918,4.26080200
7.96931618,4.38657300
7.96998318,4.35738000
7.97065018,4.27973300
7.97131718,4.25298900
7.97198418,4.30318600
7.97265118,4.30494300
7.97331818,4.30494300
7.97398518,4.28147800
7.97465218,4.18095300
7.97531918,4.20594200
7.97598618,4.49121500
7.97665318,4.46377400
7.97732018,4.41750900
7.97798718,4.36715400
7.97865418,3.93067000
7.97932118,3.85745600
7.97998818,3.92867000
7.98065518,3.90580200
7.98132218,4.08624900
7.98198918,4.26470800
7.98265618,4.33792200
7.98332318,4.51408300
7.98399018,4.87081900
7.98465718,4.82051000
7.98532418,4.89626500
7.98599118,4.91912300
7.98665818,4.74082800
7.98732518,4.81854700
7.98799218,4.81854700
7.98865918,4.87081900
7.98932618,4.79568800
7.98999318,4.99226000
7.99066018,4.96942300
7.99132718,4.91918100
7.99199418,5.17250200
7.99266118,5.07456100
7.99332818,5.09949600
7.99399518,5.09741900
7.99466218,4.97398300
7.99532918,4.99684100
7.99599618,5.04455900
7.99666318,5.22276400
7.99733018,5.30044300
7.99799718,5.35070600
7.99866418,5.35343200
7.99933118,5.30044300
7.99999818,5.34852500
8.00066518,5.32785900
8.00133218,5.47864800
8.00199918,5.60944700
8.00266618,5.55915800
8.00333318,5.68259300
8.00400018,5.71002300
8.00466718,5.68716500
8.00533418,5.76031200
8.00600118,5.81060000
8.00666818,5.93558200
8.00733518,5.98889500
8.00800218,5.96603700
8.00866918,6.03918300
8.00933618,5.94102700
8.01000318,5.94102700
8.01067018,6.06908600
8.01133718,6.01877700
8.01200418,5.99133600
8.01267118,5.99133600
8.01333818,5.92358300
8.01400518,5.89611600
8.01467218,6.07773700
8.01533918,6.12811800
8.01600618,6.35388900
8.01667318,6.53242100
8.01734018,6.45326300
8.01800718,6.52045900
8.01867418,6.46755800
8.01934118,6.49496400
8.02000818,6.66969300
8.02067518,6.71991000
8.02134218,6.87406400
8.02200918,6.92077700
8.02267618,6.90146900
8.02334318,6.98094900
8.02401018,6.92713100
8.02467718,7.00837900
8.02534418,7.04226000
8.02601118,7.01123500
8.02667818,7.13929400
8.02734518,7.14292900
8.02801218,7.18667400
8.02867918,7.19326300
8.02934618,7.03939300
8.03001318,6.95809000
8.03068018,7.08609800
8.03134718,7.08248900
8.03201418,7.23696300
8.03268118,7.39240000
8.03334818,7.36797100
8.03401518,7.56612400
8.03468218,7.54633900
8.03534918,7.49297700
8.03601618,7.57069500
8.03668318,7.46554700
8.03735018,7.58968500
8.03801718,7.63994900
8.03868418,7.71448200
8.03935118,7.81496700
8.04001818,7.73731900
8.04068518,7.86841600
8.04135218,7.77501600
8.04201918,7.75214800
8.04268618,7.70183900
8.04335318,7.64695600
8.04402018,7.77184900
8.04468718,7.77184900
8.04535418,7.85276600
8.04602118,7.92728600
8.04668818,7.87699700
8.04735518,8.03522200
8.04802218,8.13175200
8.04868918,8.07815100
8.04935618,8.15586900
8.05002318,8.12430000
8.05069018,8.13175200
8.05135718,8.18622600
8.05202418,8.13589200
8.05269118,8.16334700
8.05335818,8.33756200
8.05402518,8.38787000
8.05469218,8.46217200
8.05535918,8.48070900
8.05602618,8.42271300
8.05669318,8.52749400
8.05736018,8.47725200
8.05802718,8.43044600
8.05869418,8.41073800
8.05936118,8.13175200
8.06002818,8.18206000
8.06069518,8.35702300
8.06136218,8.33416500
8.06202918,8.45786200
8.06269618,8.56274800
8.06336318,8.53531900
8.06403018,8.61303700
8.06469718,8.79133300
8.06536418,8.63149700
8.06603118,8.65891400
8.06669818,8.72858000
8.06736518,8.65097100
8.06803218,8.72858000
8.06869918,8.65538300
8.06936618,8.65891400
8.07003318,8.65891400
8.07070018,8.68618400
8.07136718,8.75943900
8.07203418,8.78685600
8.07270118,8.83711800
8.07336818,8.86092000
8.07403518,8.86453300
8.07470218,8.65891400
8.07536918,8.69075600
8.07603618,8.66332500
8.07670318,8.55838700
8.07737018,8.71361400
8.07803718,8.61303700
8.07870418,8.48848800
8.07937118,8.58910700
8.08003818,8.56623700
8.08070518,8.62093400
8.08137218,8.84522300
8.08203918,8.85423000
8.08270618,8.82676000
8.08337318,8.72160300
8.08404018,8.64733100
8.08470718,8.63941500
8.08537418,8.58123500
8.08604118,8.68278900
8.08670818,8.73303100
8.08737518,8.75943900
8.08804218,8.96962700
8.08870918,8.94219800
8.08937618,8.91116200
8.09004318,8.87923000
8.09071018,8.77879600
8.09137718,8.68278900
8.09204418,8.88738100
8.09271118,8.79133300
8.09337818,8.58560800
8.09404518,8.89191000
8.09471218,8.61654700
8.09537918,8.56274800
8.09604618,8.61303700
8.09671318,8.32959400
8.09738018,8.32959400
8.09804718,8.33298800
8.09871418,8.36042900
8.09938118,8.25644600
8.10004818,8.25644600
8.10071518,8.27965700
8.10138218,8.25224100
8.10204918,8.40303000
8.10271618,8.27206300
8.10338318,8.29488900
8.10405018,8.32652500
8.10471718,8.30250500
8.10538418,8.20615900
8.10605118,8.15586900
8.10671818,8.17456200
8.10738518,8.19445600
8.10805218,8.34510600
8.10871918,8.32992100
8.10938618,8.24887800
8.11005318,8.07403700
8.11072018,7.92728600
8.11138718,7.89261300
8.11205418,7.70183900
8.11272118,7.62409000
8.11338818,7.64384200
8.11405518,7.64695600
8.11472218,7.71762800
8.11538918,7.79927800
8.11605618,7.82532500
8.11672318,7.72470700
8.11739018,7.72470700
8.11805718,7.74504400
8.11872418,7.71762800
8.11939118,7.74504400
8.12005818,7.69413000
8.12072518,7.54633900
8.12139218,7.53942300
8.12205918,7.45870300
8.12272618,7.47923800
8.12339318,7.53250800
8.12406018,7.38105500
8.12472718,7.31095600
8.12539418,7.23327700
8.12606118,7.10243900
8.12672818,7.02935900
8.12739518,6.92430700
8.12806218,6.87406400
8.12872918,6.79641700
8.12939618,6.67581700
8.13006318,6.82660500
8.13073018,6.70480800
8.13139718,6.63163100
8.13206418,6.67581700
8.13273118,6.49761200
8.13339818,6.59208600
8.13406518,6.36382800
8.13473218,6.44734900
8.13539918,6.41404400
8.13606618,6.21888200
8.13673318,6.47019600
8.13740018,6.39121900
8.13806718,6.28942600
8.13873418,6.26339400
8.13940118,6.15839600
8.14006818,6.08845700
8.14073518,6.08845700
8.14140218,6.05796200
8.14206918,6.13557000
8.14273618,6.05796200
8.14340318,6.08287000
8.14407018,5.95752900
8.14473718,5.80231400
8.14540418,5.62427300
8.14607118,5.50149400
8.14673818,5.57917300
8.14740518,5.65973500
8.14807218,5.65973500
8.14873918,5.55458600
8.14940618,5.48367300
8.15007318,5.33057400
8.15074018,5.45400900
8.15140718,5.44900900
8.15207418,5.42340600
8.15274118,5.42340600
8.15340818,5.34579800
8.15407518,5.34852500
8.15474218,5.29828200
8.15540918,5.19779700
8.15607618,5.04455900
8.15674318,4.99226000
8.15741018,4.99684100
8.15807718,4.99684100
8.15874418,5.04912900
8.15941118,4.94655300
8.16007818,4.79129200
8.16074518,4.69080700
8.16141218,4.53551200
8.16207918,4.48527000
8.16274618,4.51267500
8.16341318,4.48709900
8.16408018,4.53967400
8.16474718,4.51681600
8.16541418,4.39059700
8.16608118,4.41166700
8.16674818,4.39059700
8.16741518,4.41346500
8.16808218,4.53967400
8.16874918,4.41166700
8.16941618,4.40942000
8.17008318,4.50810800
8.17075018,4.58575500
8.17141718,4.76388600
8.17208418,4.73406700
8.17275118,4.53551200
8.17341818,4.38478500
8.17408518,4.12690100
8.17475218,4.17924800
8.17541918,4.13069000
8.17608618,4.03016500
8.17675318,4.18308400
8.17742018,4.03221800
8.17808718,4.03016500
8.17875418,3.95449900
8.17942118,3.87836100
8.18008818,3.80363400
8.18075518,3.82805200
8.18142218,3.90421100
8.18208918,3.87678100
8.18275618,3.95611100
8.18342318,3.87480700
8.18409018,3.97990200
8.18475718,3.95087400
8.18542418,3.84842700
8.18609118,3.92803700
8.18675818,3.74990500
8.18742518,3.75143400
8.18809218,3.95248500
8.18875918,3.95087400
8.18942618,4.02646800
8.19009318,3.97462800
8.19076018,3.79821000
8.19142718,3.80014700
8.19209418,3.69848600
8.19276118,3.62866300
8.19342818,3.62681600
8.19409518,3.60120700
8.19476218,3.72933200
8.19542918,3.77774300
8.19609618,3.75678700
8.19676318,3.75487500
8.19743018,3.57650700
8.19809718,3.54906600
8.19876418,3.59937500
8.19943118,3.64968400
8.20009818,3.80363400
8.20076518,3.90222300
8.20143218,3.92803700
8.20209918,3.95087400
8.20276618,3.92347000
8.20343318,4.03016500
8.20410018,4.03016500
8.20476718,4.03221800
8.20543418,4.16192000
8.20610118,4.10536500
8.20676818,4.23337200
8.20743518,4.16022500
8.20810218,3.95449900
8.20876918,3.83000100
8.20943618,3.73085000
8.21010318,3.81060800
8.21077018,3.91335800
8.21143718,3.96013900
8.21210418,3.90977900
8.21277118,3.77966600
8.21343818,3.84935100
8.21410518,3.92707000
8.21477218,3.97533200
8.21543918,4.10327400
8.21610618,4.21051400
8.21677318,4.31109000
8.21744018,4.31109000
8.21810718,4.33852000
8.21877418,4.26080200
8.21944118,4.23337200
8.22010818,4.28540600
8.22077518,4.36315600
8.22144218,4.46377400
8.22210918,4.44090700
8.22277618,4.46652700
8.22344318,4.33631000
8.22411018,4.27973300
8.22477718,4.28147800
8.22544418,4.36315600
8.22611118,4.72229500
8.22677818,4.75168400
8.22744518,4.80008500
8.22811218,4.86883400
8.22877918,4.66768100
8.22944618,4.64025100
8.23011318,4.66958300
8.23078018,4.64450600
8.23144718,4.69483900
8.23211418,4.71989200
8.23278118,4.84795100
8.23344818,4.92118700
8.23411518,5.25018000
8.23478218,5.32785900
8.23544918,5.21797400
8.23611618,5.04455900
8.23678318,4.81412900
8.23745018,4.84350800
8.23811718,5.04713000
8.23878418,5.30044300
8.23945118,5.35070600
8.24011818,5.47641400
8.24078518,5.50606300
8.24145218,5.50606300
8.24211918,5.38086200
8.24278618,5.43336400
8.24345318,5.51392000
8.24412018,5.69469600
8.24478718,5.81592800
8.24545418,5.81592800
8.24612118,5.66204200
8.24678818,5.48367300
8.24745518,5.61173200
8.24812218,5.53679900
8.24878918,5.71525800
8.24945618,5.89371700
8.25012318,5.89611600
8.25079018,6.04472000
8.25145718,6.04472000
8.25212418,6.02429200
8.25279118,6.09505500
8.25345818,6.14683600
8.25412518,6.24745500
8.25479218,6.32262800
8.25545918,6.29776300
8.25612618,6.37291600
8.25679318,6.39708700
8.25746018,6.47019600
8.25812718,6.41993300
8.25879418,6.42909300
8.25946118,6.43498200
8.26012818,6.41208200
8.26079518,6.56322300
8.26146218,6.48536200
8.26212918,6.55988700
8.26279618,6.58277600
8.26346318,6.66059700
8.26413018,6.80542600
8.26479718,6.88037200
8.26546418,6.90780200
8.26613118,6.98379400
8.26679818,7.16580800
8.26746518,7.16580800
8.26813218,7.34426600
8.26879918,7.31095600
8.26946618,7.25773300
8.27013318,7.38562300
8.27080018,7.33538100
8.27146718,7.36121900
8.27213418,7.41525800
8.27280118,7.39240000
8.27346818,7.43889800
8.27413518,7.51889800
8.27480218,7.67439800
8.27546918,7.72470700
8.27613618,7.67830500
8.27680318,7.72156000
8.27747018,7.69870200
8.27813718,7.64695600
8.27880418,7.75214800
8.27947118,7.77897500
8.28013818,7.74757500
8.28080518,7.90307500
8.28147218,7.97300200
8.28213918,7.97300200
8.28280618,8.28267900
8.28347318,8.25644600
8.28414018,8.31012000
8.28480718,8.30250500
8.28547418,7.98902400
8.28614118,7.94285600
8.28680818,8.04334100
8.28747518,8.17122900
8.28814218,8.33416500
8.28880918,8.38018200
8.28947618,8.29912000
8.29014318,8.29912000
8.29081018,8.29912000
8.29147718,8.38445300
8.29214418,8.36042900
8.29281118,8.31435100
8.29347818,8.31435100
8.29414518,8.31012000
8.29481218,8.33416500
8.29547918,8.46104600
8.29614618,8.40731200
8.29681318,8.53097200
8.29748018,8.56274800
8.29814718,8.53531900
8.29881418,8.58910700
8.29948118,8.51592900
8.30014818,8.63941500
8.30081518,8.58560800
8.30148218,8.96505900
8.30214918,8.98790600
8.30281618,9.01164700
8.30348318,9.16237400
8.30415018,8.78327400
8.30481718,8.96962700
8.30548418,8.94219800
8.30615118,8.86809200
8.30681818,9.02359200
8.30748518,8.79133300
8.30815218,8.69429700
8.30881918,8.76390200
8.30948618,8.58910700
8.31015318,8.66332500
8.31082018,8.71361400
8.31148718,8.74460600
8.31215418,8.84162000
8.31282118,8.81778200
8.31348818,8.86809200
8.31415518,8.90006200
8.31482218,8.90006200
8.31548918,9.02818600
8.31615618,9.07390100
8.31682318,9.03816900
8.31749018,9.19821200
8.31815718,9.24379000
8.31882418,9.24002200
8.31949118,9.31766900
8.32015818,9.30911800
8.32082518,9.23531200
8.32149218,9.21637300
8.32215918,9.09763500
8.32282618,8.99615100
8.32349318,8.96505900
8.32416018,8.96505900
8.32482718,8.90659500
8.32549418,8.88738100
8.32616118,8.81778200
8.32682818,8.77193600
8.32749518,8.77193600
8.32816218,8.74460600
8.32882918,8.77193600
8.32949618,8.71716500
8.33016318,8.72160300
8.33083018,8.67479800
8.33149718,8.71716500
8.33216418,8.81778200
8.33283118,8.94219800
8.33349818,8.96962700
8.33416518,8.91479700
8.33483218,8.91116200
8.33549918,8.98881100
8.33616618,9.10377000
8.33683318,9.16237400
8.33750019,9.24002200
8.33816719,9.13953600
8.33883419,9.03816900
8.33950119,8.91116200
8.34016819,8.78685600
8.34083519,8.76390200
8.34150219,8.84522300
8.34216919,8.84972700
8.34283619,8.92751700
8.34350319,8.74905800
8.34417019,8.51135500
8.34483719,8.43474200
8.34550419,8.30250500
8.34617119,8.30673500
8.34683819,8.38787000
8.34750519,8.39213900
8.34817219,8.31773600
8.34883919,8.31435100
8.34950619,8.25981000
8.35017319,8.02786300
8.35084019,8.10145300
8.35150719,8.14839300
8.35217419,8.16706400
8.35284119,8.47293000
8.35350819,8.46947300
8.35417519,8.47293000
8.35484219,8.50465700
8.35550919,8.48070900
8.35617619,8.46217200
8.35684319,8.43044600
8.35751019,8.33416500
8.35817719,8.22482500
8.35884419,8.17872700
8.35951119,8.07815100
8.36017819,8.07403700
8.36084519,8.02377400
8.36151219,7.81496700
8.36217919,7.84556900
8.36284619,7.66736500
8.36351319,7.61710300
8.36418019,7.63994900
8.36484719,7.50894500
8.36551419,7.48229100
8.36618119,7.40846100
8.36684819,7.45490000
8.36751519,7.43207500
8.36818219,7.33837200
8.36884919,7.40846100
8.36951619,7.23032900
8.37018319,7.30425000
8.37085019,7.44805600
8.37151719,7.39788600
8.37218419,7.40166200
8.37285119,7.25403300
8.37351819,7.15559800
8.37418519,7.03123700
8.37485219,6.96092600
8.37551919,6.95809000
8.37618619,6.97739400
8.37685319,7.10533500
8.37752019,7.10243900
8.37818719,6.80722500
8.37885419,6.60150000
8.37952119,6.26457500
8.38018819,6.16719100
8.38085519,6.36967000
8.38152219,6.37291600
8.38218919,6.37551300
8.38285619,6.29519700
8.38352319,6.11939500
8.38419019,5.88831800
8.38485719,5.88531900
8.38552419,5.83803000
8.38619119,5.91574900
8.38685819,6.19714500
8.38752519,6.32520400
8.38819219,6.41993300
8.38885919,6.39447900
8.38952619,6.26339400
8.39019319,6.10817900
8.39086019,5.91273600
8.39152719,5.73219300
8.39219419,5.62943600
8.39286119,5.56142300
8.39352819,5.66492400
8.39419519,5.67011300
8.39486219,5.58997600
8.39552919,5.51111400
8.39619619,5.37812200
8.39686319,5.34852500
8.39753019,5.32329000
8.39819719,5.27087700
8.39886419,5.24804000
8.39953119,5.24804000
8.40019819,5.16775700
8.40086519,5.12223800
8.40153219,5.12484800
8.40219919,5.02427200
8.40286619,5.04455900
8.40353319,5.09731300
8.40420019,5.11754000
8.40486719,5.09014900
8.40553419,4.96942300
8.40620119,4.88928300
8.40686819,4.78689500
8.40753519,4.65674500
8.40820219,4.65674500
8.40886919,4.56059100
8.40953619,4.63599700
8.41020319,4.69511100
8.41087019,4.69702400
8.41153719,4.61739300
8.41220419,4.36137900
8.41287119,4.23121500
8.41353819,4.18095300
8.41420519,4.28366000
8.41487219,4.28540600
8.41553919,4.31284700
8.41620619,4.28540600
8.41687319,4.23337200
8.41754019,4.15810600
8.41820719,4.15810600
8.41887419,3.87322700
8.41954119,3.92146900
8.42020819,4.09951100
8.42087519,4.12900600
8.42154219,4.33454300
8.42220919,4.20836900
8.42287619,4.18308400
8.42354319,4.15353700
8.42421019,4.10327400
8.42487719,4.13279500
8.42554419,4.18308400
8.42621119,4.28758700
8.42687819,4.28758700
8.42754519,4.26470800
8.42821219,4.00642000
8.42887919,3.85196000
8.42954619,3.80363400
8.43021319,3.72401800
8.43088019,3.85196000
8.43154719,3.90222300
8.43221419,4.07876400
8.43288119,4.10327400
8.43354819,4.13279500
8.43421519,4.13279500
8.43488219,3.97735800
8.43554919,3.95449900
8.43621619,3.95449900
8.43688319,3.92507000
8.43755019,3.95248500
8.43821719,3.89864300
8.43888419,3.79666000
8.43955119,3.72060300
8.44021819,3.82103600
8.44088519,3.82454300
8.44155219,3.87480700
8.44221919,3.72401800
8.44288619,3.62533900
8.44355319,3.67562700
8.44422019,3.59790900
8.44488719,3.77620400
8.44555419,3.72591600
8.44622119,3.62533900
8.44688819,3.57650700
8.44755519,3.47131600
8.44822219,3.57650700
8.44888919,3.82805200
8.44955619,3.93164100
8.45022319,4.08250700
8.45089019,4.05301100
8.45155719,3.87322700
8.45222419,3.75143400
8.45289119,3.72401800
8.45355819,3.80169700
8.45422519,3.92347000
8.45489219,4.04929400
8.45555919,4.09951100
8.45622619,3.92146900
8.45689319,3.92507000
8.45756019,3.90222300
8.45822719,3.75143400
8.45889419,3.87678100
8.45956119,3.90222300
8.46022819,3.90421100
8.46089519,4.05507700
8.46156219,4.05301100
8.46222919,3.95449900
8.46289619,4.08417000
8.46356319,4.08417000
8.46423019,4.05672900
8.46489719,4.18308400
8.46556419,4.15641100
8.46623119,4.21051400
8.46689819,4.31109000
8.46756519,4.33852000
8.46823219,4.69053900
8.46889919,4.68815000
8.46956619,4.68815000
8.47023319,4.84350800
8.47090019,4.61504100
8.47156719,4.66340200
8.47223419,4.74104900
8.47290119,4.64245700
8.47356819,4.59453400
8.47423519,4.64671600
8.47490219,4.62162600
8.47556919,4.64639600
8.47623619,4.57315200
8.47690319,4.52279700
8.47757019,4.57315200
8.47823719,4.44316700
8.47890419,4.41571100
8.47957119,4.49350200
8.48023819,4.51408300
8.48090519,4.77262900
8.48157219,4.97854300
8.48223919,5.10406900
8.48290619,5.07921300
8.48357319,4.99684100
8.48424019,4.94655300
8.48490719,4.94856900
8.48557419,5.15227800
8.48624119,5.30314400
8.48690819,5.63400500
8.48757519,5.63170900
8.48824219,5.60144700
8.48890919,5.52665700
8.48957619,5.39876700
8.49024319,5.35343200
8.49091019,5.35834000
8.49157719,5.43613000
8.49224419,5.53679900
8.49291119,5.73979100
8.49357819,5.76031200
8.49424519,5.78774100
8.49491219,5.73979100
8.49557919,5.71525800
8.49624619,5.76559300
8.49691319,5.76265900
8.49758019,5.71235000
8.49824719,5.70711500
8.49891419,5.78774100
8.49958119,5.94102700
8.50024819,6.01632500
8.50091519,6.19714500
8.50158219,6.24491000
8.50224919,6.22458600
8.50291619,6.29519700
8.50358319,6.34225400
8.50425019,6.42320400
8.50491719,6.44472100
8.50558419,6.52045900
8.50625119,6.40034600
8.50691819,6.44734900
8.50758519,6.39251800
8.50825219,6.44868900
8.50891919,6.55388100
8.50958619,6.52976200
8.51025319,6.58009700
8.51092019,6.55121100
8.51158719,6.52378100
8.51225419,6.50092300
8.51292119,6.60755200
8.51358819,6.68194000
8.51425519,6.70480800
8.51492219,6.91061700
8.51558919,6.98196300
8.51625619,7.00837900
8.51692319,7.13638600
8.51759019,7.13275100
8.51825719,7.20749000
8.51892419,7.21043000
8.51959119,7.21043000
8.52025819,7.41148200
8.52092519,7.57378100
8.52159219,7.67127200
8.52225919,7.97757400
8.52292619,7.84956700
8.52359319,7.79927800
8.52426019,7.67830500
8.52492719,7.44572100
8.52559419,7.42205700
8.52626119,7.41828100
8.52692819,7.61710300
8.52759519,7.82532500
8.52826219,7.84956700
8.52892919,7.90307500
8.52959619,7.95743300
8.53026319,7.80245700
8.53093019,7.87563400
8.53159719,7.92594300
8.53226419,7.85276600
8.53293119,7.85276600
8.53359819,7.88421900
8.53426519,7.88421900
8.53493219,8.11301200
8.53559919,8.23236900
8.53626619,8.27930500
8.53693319,8.39960500
8.53760019,8.39960500
8.53826719,8.42700900
8.53893419,8.39960500
8.53960119,8.27965700
8.54026819,8.32652500
8.54093519,8.27965700
8.54160219,8.20615900
8.54226919,8.20615900
8.54293619,8.00043300
8.54360319,8.02377400
8.54427019,8.12430000
8.54493719,8.14714700
8.54560419,8.20197900
8.54627119,8.17872700
8.54693819,8.15586900
8.54760519,8.17872700
8.54827219,8.20615900
8.54893919,8.27508800
8.54960619,8.34510600
8.55027319,8.47725200
8.55094019,8.60514100
8.55160719,8.93764400
8.55227419,8.94219800
8.55294119,8.93764400
8.55360819,9.11584900
8.55427519,8.88375800
8.55494219,8.91116200
8.55560919,8.81067800
8.55627619,8.55489800
8.55694319,8.42700900
8.55761019,8.50465700
8.55827719,8.53097200
8.55894419,8.63606600
8.55961119,8.74104400
8.56027819,8.72160300
8.56094519,8.66685600
8.56161219,8.69429700
8.56227919,8.62093400
8.56294619,8.56623700
8.56361319,8.62093400
8.56428019,8.52806900
8.56494719,8.52026500
8.56561419,8.57059900
8.56628119,8.64398800
8.56694819,8.63606600
8.56761519,8.81876200
8.56828219,8.86453300
8.56894919,8.98790600
8.56961619,8.98790600
8.57028319,9.11213200
8.57095019,9.01532200
8.57161719,8.91479700
8.57228419,8.88375800
8.57295119,8.67836200
8.57361819,8.77521300
8.57428519,8.67482100
8.57495219,8.74783300
8.57561919,8.91479700
8.57628619,8.91933900
8.57695319,9.00072500
8.57762019,8.94584200
8.57828719,8.70917600
8.57895419,8.70562600
8.57962119,8.67379700
8.58028819,8.62358000
8.58095519,8.62358000
8.58162219,8.55489800
8.58228919,8.57773700
8.58295619,8.69075600
8.58362319,8.43474200
8.58429019,8.96962700
8.58495719,8.97328300
8.58562419,8.76747300
8.58629119,9.12421000
8.58695819,8.63589600
8.58762519,8.61303700
8.58829219,8.78685600
8.58895919,8.66332500
8.58962619,8.56274800
8.59029319,8.40303000
8.59096019,8.38018200
8.59162719,8.30250500
8.59229419,8.23236900
8.59296119,8.26401600
8.59362819,8.13920400
8.59429519,8.16334700
8.59496219,8.05400200
8.59562919,8.00043300
8.59629619,7.95014400
8.59696319,7.90307500
8.59763019,7.90307500
8.59829719,7.92728600
8.59896419,8.02786300
8.59963119,8.10145300
8.60029819,8.17122900
8.60096519,8.10145300
8.60163219,8.07074500
8.60229919,7.97026000
8.60296619,7.89261300
8.60363319,7.98902400
8.60430019,7.90818700
8.60496719,7.83517500
8.60563419,7.70740300
8.60630119,7.61399700
8.60696819,7.59355300
8.60763519,7.54326500
8.60830219,7.57069500
8.60896919,7.53942300
8.60963619,7.43586500
8.61030319,7.23032900
8.61097019,7.18301400
8.61163719,6.98094900
8.61230419,6.96092600
8.61297119,7.03867600
8.61363819,7.03580900
8.61430519,7.13275100
8.61497219,7.05219600
8.61563919,7.05507200
8.61630619,7.03222600
8.61697319,7.05507200
8.61764019,7.10243900
8.61830719,7.02935900
8.61897419,7.00195400
8.61964119,6.97555900
8.62030819,7.04860100
8.62097519,7.20087600
8.62164219,7.12330100
8.62230919,7.02577500
8.62297619,6.80098400
8.62364319,6.67309500
8.62431019,6.49761200
8.62497719,6.31940700
8.62564419,6.26914500
8.62631119,6.04067700
8.62697819,6.31940700
8.62764519,6.39251800
8.62831219,6.39577500
8.62897919,6.42582200
8.62964619,6.14433200
8.63031319,5.98889500
8.63098019,5.91574900
8.63164719,5.98584600
8.63231419,5.96603700
8.63298119,6.04375500
8.63364819,5.99041500
8.63431519,5.88831800
8.63498219,5.86247300
8.63564919,5.83505700
8.63631619,5.76031200
8.63698319,5.85253000
8.63765019,5.87992100
8.63831719,5.77948800
8.63898419,5.82732500
8.63965119,5.67217400
8.64031819,5.59916100
8.64098519,5.52383900
8.64165219,5.47641400
8.64231919,5.45623200
8.64298619,5.56425400
8.64365319,5.58201600
8.64432019,5.55632600
8.64498719,5.47641400
8.64565419,5.27544500
8.64632119,5.07197600
8.64698819,4.92570100
8.64765519,4.89826000
8.64832219,4.81854700
8.64898919,4.94655300
8.64965619,4.96942300
8.65032319,4.84153400
8.65099019,4.81412900
8.65165719,4.76388600
8.65232419,4.76388600
8.65299119,4.83906600
8.65365819,4.91210800
8.65432519,4.93748300
8.65499219,4.83709100
8.65565919,4.70931900
8.65632619,4.70931900
8.65699319,4.63363400
8.65766019,4.63363400
8.65832719,4.58575500
8.65899419,4.48527000
8.65966119,4.32997600
8.66032819,4.32997600
8.66099519,4.05507700
8.66166219,4.02764600
8.66232919,4.02928700
8.66299619,3.90977900
8.66366319,4.10703800
8.66433019,4.00846000
8.66499719,3.98558000
8.66566419,4.03221800
8.66633119,4.13279500
8.66699819,4.28147800
8.66766519,4.22949100
8.66833219,4.25863200
8.66899919,4.12900600
8.66966619,3.95248500
8.67033319,4.05135900
8.67100019,4.02190300
8.67166719,4.10327400
8.67233419,4.10327400
8.67300119,4.08042700
8.67366819,4.08250700
8.67433519,4.00111700
8.67500219,3.97371200
8.67566919,3.87322700
8.67633619,3.74342800
8.67700319,3.74686500
8.67767019,3.74533700
8.67833719,3.77428100
8.67900419,3.74877400
8.67967119,3.72401800
8.68033819,3.62533900
8.68100519,3.67562700
8.68167219,3.75334500
8.68233919,3.77620400
8.68300619,3.90421100
8.68367319,3.92707000
8.68434019,3.92507000
8.68500719,3.90222300
8.68567419,3.95087400
8.68634119,3.85196000
8.68700819,3.90421100
8.68767519,4.03133900
8.68834219,3.88033500
8.68900919,3.95611100
8.68967619,3.87678100
8.69034319,3.90063200
8.69101019,3.97827900
8.69167719,3.95087400
8.69234419,3.92963900
8.69301119,3.85196000
8.69367819,3.95248500
8.69434519,3.87678100
8.69501219,3.82805200
8.69567919,3.80518400
8.69634619,3.72933200
8.69701319,3.82805200
8.69768019,3.90222300
8.69834719,3.82649200
8.69901419,3.92507000
8.69968119,3.72591600
8.70034819,3.75334500
8.70101519,3.92963900
8.70168219,3.85196000
8.70234919,4.10327400
8.70301619,4.18095300
8.70368319,4.18095300
8.70435019,4.23121500
8.70501719,4.18095300
8.70568419,4.18095300
8.70635119,4.25472500
8.70701819,4.25689600
8.70768519,4.22733400
8.70835219,4.25689600
8.70901919,4.18478800
8.70968619,4.18308400
8.71035319,4.31284700
8.71102019,4.28366000
8.71168719,4.15565300
8.71235419,4.00642000
8.71302119,4.02764600
8.71368819,4.00642000
8.71435519,4.18308400
8.71502219,4.30889500
8.71568919,4.35915800
8.71635619,4.56020900
8.71702319,4.53736200
8.71769019,4.61504100
8.71835719,4.64025100
8.71902419,4.66768100
8.71969119,4.69053900
8.72035819,4.84795100
8.72102519,4.84795100
8.72169219,4.87081900
8.72235919,5.02887800
8.72302619,4.94856900
8.72369319,4.97398300
8.72436019,4.99429700
8.72502719,4.97145000
8.72569419,5.07456100
8.72636119,5.12484800
8.72702819,5.07662900
8.72769519,5.07662900
8.72836219,4.92369500
8.72902919,4.87092400
8.72969619,4.94655300
8.73036319,4.99938700
8.73103019,5.20733600
8.73169719,5.41362900
8.73236419,5.45900900
8.73303119,5.58429100
8.73369819,5.63230500
8.73436519,5.60658900
8.73503219,5.50149400
8.73569919,5.37812200
8.73636619,5.40096900
8.73703319,5.44900900
8.73770019,5.70711500
8.73836719,5.83267800
8.73903419,5.80527400
8.73970119,5.81060000
8.74036819,5.67969900
8.74103519,5.70711500
8.74170219,5.86247300
8.74236919,5.83803000
8.74303619,5.93860700
8.74370319,6.06661400
8.74437019,6.01326100
8.74503719,6.01326100
8.74570419,5.98889500
8.74637119,5.94102700
8.74703819,6.04472000
8.74770519,6.21747900
8.74837219,6.34807200
8.74903919,6.42320400
8.74970619,6.47613000
8.75037319,6.42909300
8.75104019,6.47349300
8.75170719,6.63163100
8.75237419,6.67921800
8.75304119,6.85402100
8.75370819,6.92713100
8.75437519,6.87686800
8.75504219,6.95171200
8.75570919,6.97454900
8.75637619,6.99838400
8.75704319,7.07599300
8.75771019,7.08248900
8.75837719,7.20953200
8.75904419,7.39083900
8.75971119,7.46858900
8.76037819,7.49603000
8.76104519,7.54326500
8.76171219,7.39240000
8.76237919,7.31468100
8.76304619,7.26069300
8.76371319,7.26439200
8.76438019,7.46858900
8.76504719,7.62098400
8.76571419,7.77184900
8.76638119,7.67127200
8.76704819,7.41148200
8.76771519,7.43889800
8.76838219,7.41148200
8.76904919,7.86119900
8.76971619,8.14839300
8.77038319,8.22482500
8.77105019,8.27965700
8.77171719,7.97757400
8.77238419,7.95014400
8.77305119,7.89583300
8.77371819,7.95014400
8.77438519,8.00369400
8.77505219,7.74441900
8.77571919,7.74757500
8.77638619,7.77897500
8.77705319,7.62409000
8.77772019,7.85676400
8.77838719,7.92997800
8.77905419,7.89985600
8.77972119,8.03113400
8.78038819,8.10100900
8.78105519,8.07815100
8.78172219,8.20615900
8.78238919,8.25224100
8.78305619,8.43474200
8.78372319,8.53531900
8.78439019,8.58560800
8.78505719,8.61303700
8.78572419,8.56274800
8.78639119,8.55838700
8.78705819,8.58123500
8.78772519,8.66332500
8.78839220,8.70917600
8.78905920,8.70917600
8.78972620,8.70917600
8.79039320,8.65538300
8.79106020,8.55838700
8.79172720,8.35276700
8.79239420,8.27965700
8.79306120,8.30673500
8.79372820,8.32992100
8.79439520,8.53531900
8.79506220,8.58910700
8.79572920,8.66332500
8.79639620,8.68618400
8.79706320,8.68618400
8.79773020,8.71716500
8.79839720,8.76747300
8.79906420,8.85423000
8.79973120,8.90459100
8.80039820,8.89553300
8.80106520,8.89553300
8.80173220,8.89191000
8.80239920,9.04277400
8.80306620,9.07020500
8.80373320,9.04645900
8.80440020,9.15165000
8.80506720,9.09763500
8.80573420,9.04277400
8.80640120,9.06189000
8.80706820,8.97966300
8.80773520,8.90659500
8.80840220,9.01532200
8.80906920,9.04645900
8.80973620,8.97785100
8.81040320,8.97785100
8.81107020,8.87718200
8.81173720,8.71716500
8.81240420,8.76747300
8.81307120,8.71361400
8.81373820,8.79491500
8.81440520,8.85423000
8.81507220,8.79939300
8.81573920,8.85423000
8.81640620,8.76747300
8.81707320,8.84162000
8.81774020,8.91476800
8.81840720,8.84162000
8.81907420,8.82227100
8.81974120,8.81778200
8.82040820,8.84162000
8.82107520,8.94219800
8.82174220,9.03448500
8.82240920,8.98790600
8.82307620,8.86447900
8.82374320,8.76390200
8.82441020,8.76747300
8.82507720,8.76747300
8.82574420,8.54314400
8.82641120,8.44247400
8.82707820,8.33756200
8.82774520,8.25981000
8.82841220,8.45760100
8.82907920,8.63589600
8.82974620,8.58910700
8.83041320,8.56274800
8.83108020,8.56274800
8.83174720,8.51246100
8.83241420,8.60865000
8.83308120,8.60865000
8.83374820,8.58123500
8.83441520,8.57773700
8.83508220,8.57773700
8.83574920,8.50465700
8.83641620,8.55053700
8.83708320,8.44553900
8.83775020,8.37249700
8.83841720,8.49575600
8.83908420,8.42700900
8.83975120,8.52749400
8.84041820,8.52749400
8.84108520,8.39960500
8.84175220,8.34936200
8.84241920,8.24467200
8.84308620,8.24467200
8.84375320,8.17122900
8.84442020,8.19863500
8.84508720,8.09688400
8.84575420,8.05072100
8.84642120,8.07403700
8.84708820,8.07403700
8.84775520,8.14714700
8.84842220,8.12098800
8.84908920,8.19863500
8.84975620,8.17122900
8.85042320,8.08945800
8.85109020,8.12098800
8.85175720,7.96619700
8.85242420,7.91141600
8.85309120,7.99309900
8.85375820,7.88859000
8.85442520,7.94285600
8.85509220,7.91141600
8.85575920,7.80779600
8.85642620,7.80779600
8.85709320,7.70740300
8.85776020,7.63294100
8.85842720,7.38105500
8.85909420,7.26439200
8.85976120,7.18960300
8.86042820,7.06513900
8.86109520,7.27105300
8.86176220,7.08248900
8.86242920,7.02935900
8.86309620,7.09881800
8.86376320,6.95454600
8.86443020,7.01123500
8.86509720,6.91061700
8.86576420,6.81346600
8.86643120,6.75236500
8.86709820,6.72607900
8.86776520,6.74892600
8.86843220,6.67581700
8.86909920,6.67581700
8.86976620,6.67581700
8.87043320,6.67581700
8.87110020,6.69593200
8.87176720,6.61491100
8.87243420,6.61491100
8.87310120,6.54186900
8.87376820,6.36382800
8.87443520,6.13870000
8.87510220,5.90731200
8.87576920,5.79994600
8.87643620,5.82970500
8.87710320,5.93013800
8.87777020,5.96299800
8.87843720,5.88831800
8.87910420,5.76265900
8.87977120,5.71235000
8.88043820,5.73288200
8.88110520,5.63230500
8.88177220,5.67969900
8.88243920,5.67969900
8.88310620,5.58201600
8.88377320,5.56142300
8.88444020,5.58201600
8.88510720,5.45400900
8.88577420,5.35343200
8.88644120,5.39876700
8.88710820,5.27087700
8.88777520,5.37318900
8.88844220,5.49420500
8.88910920,5.47138900
8.88977620,5.47138900
8.89044320,5.34579800
8.89111020,5.11754000
8.89177720,5.04250300
8.89244420,4.81167500
8.89311120,4.86437100
8.89377820,4.86635400
8.89444520,4.84597600
8.89511220,4.90075400
8.89577920,4.72229500
8.89644620,4.74733400
8.89711320,4.56710400
8.89778020,4.48709900
8.89844720,4.43683700
8.89911420,4.45968300
8.89978120,4.63788800
8.90044820,4.66530400
8.90111520,4.71124100
8.90178220,4.58154700
8.90244920,4.45150200
8.90311620,4.37852600
8.90378320,4.30318600
8.90445020,4.25689600
8.90511720,4.33631000
8.90578420,4.30889500
8.90645120,4.38657300
8.90711820,4.43502800
8.90778520,4.25689600
8.90845220,4.27973300
8.90911920,4.25863200
8.90978620,4.00274800
8.91045320,4.10327400
8.91112020,4.20836900
8.91178720,3.92803700
8.91245420,4.08042700
8.91312120,3.98193000
8.91378820,3.80518400
8.91445520,3.95812500
8.91512220,3.93684800
8.91578920,3.95812500
8.91645620,3.95611100
8.91712320,3.95611100
8.91779020,3.92803700
8.91845720,3.99907700
8.91912420,3.94886000
8.91979120,3.94886000
8.92045820,3.87322700
8.92112520,3.77620400
8.92179220,3.87480700
8.92245920,3.85039000
8.92312620,3.95248500
8.92379320,4.00274800
8.92446020,4.00478800
8.92512720,4.00478800
8.92579420,4.03221800
8.92646120,3.95248500
8.92712820,3.90222300
8.92779520,3.90222300
8.92846220,3.82298400
8.92912920,3.80363400
8.92979620,3.77620400
8.93046320,3.72743400
8.93113020,3.67712500
8.93179720,3.62681600
8.93246420,3.64968400
8.93313120,3.64819700
8.93379820,3.72591600
8.93446520,3.74990500
8.93513220,3.67375500
8.93579920,3.69848600
8.93646620,3.67375500
8.93713320,3.67375500
8.93780020,3.74533700
8.93846720,3.74533700
8.93913420,3.74877400
8.93980120,3.90421100
8.94046820,3.95611100
8.94113520,3.97735800
8.94180220,3.72401800
8.94246920,3.59607600
8.94313620,3.51839700
8.94380320,3.64485300
8.94447020,3.85196000
8.94513720,3.77620400
8.94580420,3.80518400
8.94647120,3.65154200
8.94713820,3.70187600
8.94780520,3.85745600
8.94847220,3.79906300
8.94913920,3.82649200
8.94980620,3.82454300
8.95047320,3.94886000
8.95114020,4.04929400
8.95180720,4.15184400
8.95247420,4.23121500
8.95314120,4.26080200
8.95380820,4.28366000
8.95447520,4.28147800
8.95514220,4.27973300
8.95580920,4.17924800
8.95647620,4.12900600
8.95714320,4.12900600
8.95781020,4.20450900
8.95847720,4.33233300
8.95914420,4.35515900
8.95981120,4.35738000
8.96047820,4.36137900
8.96114520,4.21437400
8.96181220,4.10912900
8.96247920,4.03591500
8.96314620,4.06086000
8.96381320,4.13447900
8.96448020,4.28758700
8.96514720,4.44316700
8.96581420,4.46834700
8.96648120,4.49350200
8.96714820,4.59417100
8.96781520,4.67196000
8.96848220,4.92112800
8.96914920,4.97398300
8.96981620,5.09482200
8.97048320,5.12015000
8.97115020,4.99684100
8.97181720,5.10199000
8.97248420,4.97398300
8.97315120,5.10406900
8.97381820,5.07662900
8.97448520,4.87787400
8.97515220,4.93021500
8.97581920,4.85239400
8.97648620,5.05175700
8.97715320,5.25767100
8.97782020,5.33546100
8.97848720,5.22542600
8.97915420,5.02171300
8.97982120,4.99226000
8.98048820,4.99429700
8.98115520,5.15437800
8.98182220,5.23287800
8.98248920,5.48925600
8.98315620,5.68780300
8.98382320,5.89071800
8.98449020,6.01632500
8.98515720,5.96846800
8.98582420,5.91574900
8.98649120,5.81221000
8.98715820,5.80984100
8.98782520,5.75737800
8.98849220,5.83803000
8.98915920,5.94102700
8.98982620,5.92117200
8.99049320,6.11690200
8.99116020,6.08637000
8.99182720,6.08947200
8.99249420,6.26776800
8.99316120,6.21431300
8.99382820,6.27233900
8.99449520,6.24491000
8.99516220,6.01632500
8.99582920,5.99896200
8.99649620,5.96846800
8.99716320,6.04375500
8.99783020,6.24491000
8.99849720,6.31940700
8.99916420,6.42320400
8.99983120,6.47349300
9.00049820,6.57072200
9.00116520,6.59813700
9.00183220,6.56804300
9.00249920,6.61491100
9.00316620,6.61491100
9.00383320,6.69251900
9.00450020,6.87056000
9.00516720,6.97099400
9.00583420,7.02577500
9.00650120,7.04860100
9.00716820,6.90146900
9.00783520,6.80375800
9.00850220,6.87686800
9.00916920,7.11185300
9.00983620,7.26439200
9.01050320,7.39240000
9.01117020,7.39240000
9.01183720,7.15724800
9.01250420,7.28810900
9.01317120,7.31468100
9.01383820,7.31766200
9.01450520,7.46858900
9.01517220,7.41828100
9.01583920,7.42205700
9.01650620,7.51889800
9.01717320,7.60051500
9.01784020,7.70118400
9.01850720,7.74899100
9.01917420,7.85276600
9.01984120,7.77501600
9.02050820,7.82532500
9.02117520,7.82532500
9.02184220,7.74899100
9.02250920,7.92728600
9.02317620,8.00043300
9.02384320,8.15586900
9.02451020,8.25644600
9.02517720,8.20615900
9.02584420,8.13175200
9.02651120,8.03522200
9.02717820,8.03522200
9.02784520,8.08555700
9.02851220,7.97757400
9.02917920,7.97757400
9.02984620,7.87242600
9.03051320,7.84956700
9.03118020,8.02786300
9.03184720,8.15919300
9.03251420,8.18206000
9.03318120,8.23694300
9.03384820,8.25981000
9.03451520,8.28387600
9.03518220,8.48503000
9.03584920,8.63149700
9.03651620,8.63149700
9.03718320,8.55838700
9.03785020,8.48503000
9.03851720,8.40731200
9.03918420,8.43474200
9.03985120,8.58560800
9.04051820,8.61303700
9.04118520,8.66332500
9.04185220,8.71361400
9.04251920,8.63606600
9.04318620,8.58123500
9.04385320,8.48503000
9.04452020,8.58560800
9.04518720,8.48848800
9.04585420,8.53879700
9.04652120,8.53879700
9.04718820,8.38787000
9.04785520,8.51246100
9.04852220,8.61303700
9.04918920,8.68633000
9.04985620,8.70917600
9.05052320,8.89191000
9.05119020,8.91933900
9.05185720,9.06558500
9.05252420,9.07020500
9.05319120,8.83711800
9.05385820,8.85183800
9.05452520,8.78327400
9.05519220,8.77879600
9.05585920,8.90205500
9.05652620,8.88375800
9.05719320,8.83711800
9.05786020,8.81419100
9.05852720,8.84162000
9.05919420,8.71361400
9.05986120,8.65891400
9.06052820,8.68176000
9.06119520,8.67822100
9.06186220,8.55033100
9.06252920,8.55381800
9.06319620,8.55381800
9.06386320,8.43474200
9.06453020,8.61654700
9.06519720,8.53531900
9.06586420,8.57773700
9.06653120,8.60514100
9.06719820,8.72056500
9.06786520,8.90298600
9.06853220,8.67379700
9.06919920,8.75140400
9.06986620,8.78685600
9.07053320,8.67379700
9.07120020,8.80162100
9.07186720,8.78327400
9.07253420,8.62797800
9.07320120,8.70917600
9.07386820,8.78685600
9.07453520,8.83711800
9.07520220,8.89191000
9.07586920,8.63589600
9.07653620,8.56274800
9.07720320,8.40731200
9.07787020,8.30673500
9.07853720,8.28387600
9.07920420,8.17456200
9.07987120,8.17456200
9.08053820,8.07074500
9.08120520,8.19863500
9.08187220,8.38018200
9.08253920,8.40417200
9.08320620,8.53097200
9.08387320,8.63606600
9.08454020,8.47725200
9.08520720,8.42271300
9.08587420,8.29488900
9.08654120,8.24467200
9.08720820,8.27171500
9.08787520,8.20197900
9.08854220,8.22147200
9.08920920,7.94609500
9.08987620,7.81815400
9.09054320,7.84956700
9.09121020,7.77184900
9.09187720,7.89985600
9.09254420,8.13175200
9.09321120,7.95014400
9.09387820,7.97625100
9.09454520,7.87242600
9.09521220,7.51200700
9.09587920,7.56612400
9.09654620,7.33753900
9.09721320,7.33753900
9.09788020,7.41828100
9.09854720,7.49297700
9.09921420,7.61641200
9.09988120,7.74047500
9.10054820,7.69021200
9.10121520,7.74504400
9.10188220,7.81496700
9.10254920,7.51583500
9.10321620,7.44268800
9.10388320,7.15924500
9.10455020,7.03580900
9.10521720,7.18667400
9.10588420,7.23327700
9.10655120,7.31095600
9.10721820,7.29182300
9.10788520,7.18301400
9.10855220,6.97911700
9.10921920,6.87686800
9.10988620,6.74617500
9.11055320,6.64569000
9.11122020,6.64840100
9.11188720,6.51780100
9.11255420,6.47019600
9.11322120,6.44734900
9.11388820,6.40034600
9.11455520,6.32262800
9.11522220,6.31683100
9.11588920,6.28942600
9.11655620,6.15588200
9.11722320,6.36123100
9.11789020,6.43687000
9.11855720,6.28622000
9.11922420,6.44015300
9.11989120,6.28942600
9.12055820,6.23918400
9.12122520,6.31683100
9.12189220,6.28942600
9.12255920,6.26339400
9.12322620,6.10568600
9.12389320,6.03267300
9.12456020,5.79994600
9.12522720,5.62714100
9.12589420,5.62714100
9.12656120,5.52891000
9.12722820,5.63230500
9.12789520,5.60658900
9.12856220,5.38305500
9.12922920,5.27571300
9.12989620,5.22542600
9.13056320,5.17724600
9.13123020,5.30314400
9.13189720,5.38086200
9.13256420,5.37812200
9.13323120,5.60658900
9.13389820,5.49925100
9.13456520,5.42838500
9.13523220,5.37812200
9.13589920,5.19779700
9.13656620,5.22276400
9.13723320,5.24804000
9.13790020,5.24804000
9.13856720,5.19779700
9.13923420,5.11754000
9.13990120,5.16775700
9.14056820,5.14283100
9.14123520,4.96486300
9.14190220,4.91461300
9.14256920,4.84153400
9.14323620,4.74540000
9.14390320,4.76825800
9.14457020,4.64214200
9.14523720,4.44316700
9.14590420,4.31504300
9.14657120,4.31679900
9.14723820,4.31504300
9.14790520,4.33852000
9.14857220,4.51451500
9.14923920,4.48527000
9.14990620,4.45786500
9.15057320,4.40942000
9.15124020,3.82454300
9.15190720,3.79712800
9.15257420,3.77274200
9.15324120,3.87322700
9.15390820,4.35738000
9.15457520,4.40942000
9.15524220,4.41166700
9.15590920,4.36137900
9.15657620,4.26080200
9.15724320,4.15353700
9.15791020,4.15184400
9.15857720,4.05301100
9.15924420,3.95449900
9.15991120,3.75030200
9.16057820,3.72933200
9.16124520,3.67899700
9.16191220,3.65154200
9.16257920,3.75221100
9.16324620,3.72743400
9.16391320,3.82805200
9.16458020,3.80518400
9.16524720,3.90421100
9.16591420,3.95449900
9.16658120,4.00274800
9.16724820,4.00111700
9.16791520,3.95248500
9.16858220,3.87480700
9.16924920,3.80169700
9.16991620,3.87480700
9.17058320,3.80169700
9.17125020,3.82649200
9.17191720,3.82649200
9.17258420,3.82805200
9.17325120,3.87836100
9.17391820,3.85549400
9.17458520,3.80061100
9.17525220,3.75030200
9.17591920,3.82649200
9.17658620,3.77620400
9.17725320,3.77774300
9.17792020,3.75030200
9.17858720,3.62866300
9.17925420,3.62866300
9.17992120,3.59937500
9.18058820,3.62533900
9.18125520,3.64633900
9.18192220,3.74686500
9.18258920,3.80363400
9.18325620,3.90421100
9.18392320,4.03386100
9.18459020,3.97735800
9.18525720,3.92867000
9.18592420,3.92867000
9.18659120,4.00478800
9.18725820,4.05507700
9.18792520,4.12900600
9.18859220,4.15184400
9.18925920,3.92347000
9.18992620,3.85196000
9.19059320,3.87480700
9.19126020,3.80169700
9.19192720,3.87678100
9.19259420,3.98193000
9.19326120,3.87678100
9.19392820,3.87678100
9.19459520,3.85392300
9.19526220,3.72401800
9.19592920,3.80169700
9.19659620,3.77620400
9.19726320,3.77620400
9.19793020,3.85392300
9.19859720,4.00846000
9.19926420,4.05879400
9.19993120,4.18478800
9.20059820,4.18691800
9.20126520,4.08250700
9.20193220,4.18095300
9.20259920,4.18308400
9.20326620,4.41166700
9.20393320,4.48938600
9.20460020,4.53967400
9.20526720,4.63788800
9.20593420,4.63363400
9.20660120,4.76388600
9.20726820,4.76388600
9.20793520,4.71796900
9.20860220,4.49350200
9.20926920,4.31504300
9.20993620,4.28933200
9.21060320,4.36537700
9.21127020,4.46786500
9.21193720,4.54383600
9.21260420,4.52095700
9.21327120,4.59183300
9.21393820,4.71796900
9.21460520,4.80008500
9.21527220,4.92363300
9.21593920,4.85041900
9.21660620,5.15242600
9.21727320,5.25499600
9.21794020,5.30314400
9.21860720,5.02632000
9.21927420,4.91912300
9.21994120,4.91912300
9.22060820,4.99684100
9.22127520,5.37812200
9.22194220,5.37812200
9.22260920,5.42340600
9.22327620,5.47641400
9.22394320,5.55406100
9.22461020,5.57689900
9.22527720,5.50149400
9.22594420,5.43115100
9.22661120,5.43613000
9.22727820,5.43613000
9.22794520,5.56477100
9.22861220,5.61744600
9.22927920,5.66492400
9.22994620,5.76559300
9.23061320,5.79010000
9.23128020,5.89071800
9.23194720,6.02184100
9.23261420,6.05175800
9.23328120,6.14996500
9.23394820,6.22458600
9.23461520,6.24491000
9.23528220,6.34807200
9.23594920,6.42909300
9.23661620,6.48206500
9.23728320,6.60755200
9.23795020,6.50688300
9.23861721,6.44606300
9.23928421,6.39577500
9.23995121,6.37551300
9.24061821,6.45326300
9.24128521,6.53242100
9.24195221,6.63500700
9.24261921,6.63500700
9.24328621,6.62892900
9.24395321,6.57407000
9.24462021,6.62705800
9.24528721,6.70480800
9.24595421,6.78255800
9.24662121,6.96092600
9.24728821,6.96092600
9.24795521,7.01123500
9.24862221,7.08898500
9.24928921,7.15559800
9.24995621,7.30797500
9.25062321,7.35446700
9.25129021,7.12984400
9.25195721,7.21410400
9.25262421,7.23696300
9.25329121,7.31766200
9.25395821,7.67439800
9.25462521,7.57378100
9.25529221,7.57378100
9.25595921,7.46858900
9.25662621,7.46858900
9.25729321,7.47239100
9.25796021,7.57763600
9.25862721,7.62797100
9.25929421,7.92997800
9.25996121,7.97625100
9.26062821,7.97625100
9.26129521,8.03113400
9.26196221,7.77501600
9.26262921,7.92271400
9.26329621,8.02786300
9.26396321,8.03113400
9.26463021,8.00369400
9.26529721,8.00369400
9.26596421,7.93051600
9.26663121,8.04662000
9.26729821,8.19863500
9.26796521,8.27628200
9.26863221,8.42700900
9.26929921,8.50812500
9.26996621,8.61303700
9.27063321,8.71361400
9.27130021,8.74104400
9.27196721,8.73303100
9.27263421,8.73303100
9.27330121,8.55838700
9.27396821,8.48503000
9.27463521,8.46562000
9.27530221,8.30673500
9.27596921,8.46562000
9.27663621,8.48848800
9.27730321,8.49280900
9.27797021,8.49626600
9.27863721,8.44247400
9.27930421,8.31012000
9.27997121,8.38445300
9.28063821,8.40731200
9.28130521,8.46217200
9.28197221,8.64398800
9.28263921,8.62093400
9.28330621,8.79939300
9.28397321,8.76747300
9.28464021,8.84522300
9.28530721,8.76390200
9.28597421,8.65891400
9.28664121,8.86453300
9.28730821,8.81427100
9.28797521,9.01991600
9.28864221,8.99705800
9.28930921,8.89191000
9.28997621,8.83711800
9.29064321,8.78327400
9.29131021,8.96505900
9.29197721,8.91933900
9.29264421,8.97328300
9.29331121,8.98150500
9.29397821,8.90006200
9.29464521,8.79939300
9.29531221,8.77193600
9.29597921,8.69075600
9.29664621,8.71716500
9.29731321,8.84522300
9.29798021,8.86809200
9.29864721,8.97785100
9.29931421,9.02359200
9.29998121,9.17078200
9.30064821,9.27593000
9.30131521,9.26742600
9.30198221,9.18977900
9.30264921,9.09763500
9.30331621,9.14326400
9.30398321,9.20196000
9.30465021,9.29878900
9.30531721,9.31766900
9.30598421,9.19352600
9.30665121,9.18977900
9.30731821,9.06558500
9.30798521,8.98790600
9.30865221,8.98424300
9.30931921,8.88738100
9.30998621,8.98790600
9.31065321,8.86453300
9.31132021,8.86905100
9.31198721,8.79133300
9.31265421,8.66685600
9.31332121,8.76747300
9.31398821,8.74460600
9.31465521,8.81778200
9.31532221,8.87266500
9.31598921,8.58910700
9.31665621,8.69075600
9.31732321,8.74104400
9.31799021,8.91479700
9.31865721,9.14326400
9.31932421,9.06189000
9.31999121,9.15770400
9.32065821,9.06189000
9.32132521,9.09300100
9.32199221,9.02359200
9.32265921,8.79491500
9.32332621,8.63149700
9.32399321,8.52749400
9.32466021,8.47725200
9.32532721,8.43044600
9.32599421,8.46217200
9.32666121,8.48503000
9.32732821,8.58560800
9.32799521,8.63149700
9.32866221,8.51246100
9.32932921,8.43474200
9.32999621,8.27508800
9.33066321,8.17872700
9.33133021,8.25644600
9.33199721,8.25644600
9.33266421,8.30673500
9.33333121,8.38018200
9.33399821,8.32992100
9.33466521,8.25224100
9.33533221,8.20197900
9.33599921,8.12430000
9.33666621,8.22147200
9.33733321,8.31771500
9.33800021,8.29488900
9.33866721,8.24467200
9.33933421,8.06333900
9.34000121,7.98902400
9.34066821,7.89261300
9.34133521,7.89583300
9.34200221,7.77501600
9.34266921,7.83249600
9.34333621,7.80960700
9.34400321,7.82930900
9.34467021,7.93455400
9.34533721,7.87242600
9.34600421,7.86841600
9.34667121,7.63994900
9.34733821,7.53942300
9.34800521,7.46554700
9.34867221,7.33753900
9.34933921,7.54326500
9.35000621,7.53942300
9.35067321,7.40468400
9.35134021,7.37729300
9.35200721,7.17642500
9.35267421,7.14611800
9.35334121,7.22664300
9.35400821,7.32707500
9.35467521,7.43207500
9.35534221,7.38105500
9.35600921,7.36121900
9.35667621,7.18667400
9.35734321,6.90428400
9.35801021,6.77634200
9.35867721,6.87686800
9.35934421,6.77358000
9.36001121,6.74892600
9.36067821,6.60150000
9.36134521,6.26776800
9.36201221,6.29519700
9.36267921,6.32063100
9.36334621,6.34807200
9.36401321,6.24745500
9.36468021,6.14996500
9.36534721,6.06908600
9.36601421,6.06352400
9.36668121,6.18894200
9.36734821,6.10817900
9.36801521,6.08535300
9.36868221,6.08535300
9.36934921,5.95752900
9.37001621,6.10817900
9.37068321,6.13306600
9.37135021,6.10817900
9.37201721,6.00774600
9.37268421,5.88292000
9.37335121,5.73219300
9.37401821,5.62714100
9.37468521,5.55632600
9.37535221,5.39876700
9.37601921,5.30044300
9.37668621,5.09741900
9.37735321,4.97145000
9.37802021,4.94403400
9.37868721,4.94403400
9.37935421,4.99429700
9.38002121,4.96942300
9.38068821,4.99429700
9.38135521,5.04455900
9.38202221,5.01966600
9.38268921,5.04455900
9.38335621,5.11754000
9.38402321,5.01966600
9.38469021,4.99226000
9.38535721,4.94201900
9.38602421,4.76825800
9.38669121,4.81609200
9.38735821,4.81609200
9.38802521,4.84597600
9.38869221,4.79324500
9.38935921,4.63788800
9.39002621,4.61739300
9.39069321,4.56710400
9.39136021,4.54152400
9.39202721,4.51638100
9.39269421,4.33792200
9.39336121,4.31504300
9.39402821,4.10703800
9.39469521,4.00642000
9.39536221,4.05672900
9.39602921,3.95449900
9.39669621,4.03386100
9.39736321,4.03221800
9.39803021,3.90222300
9.39869721,4.00274800
9.39936421,4.15641100
9.40003121,4.17924800
9.40069821,4.27973300
9.40136521,4.48709900
9.40203221,4.28366000
9.40269921,4.18308400
9.40336621,4.36137900
9.40403321,4.05135900
9.40470021,4.20279300
9.40536721,4.25298900
9.40603421,4.09951100
9.40670121,4.17924800
9.40736821,3.98193000
9.40803521,4.05672900
9.40870221,3.90580200
9.40936921,3.90580200
9.41003621,4.00642000
9.41070321,3.88033500
9.41137021,3.98760800
9.41203721,3.88388900
9.41270421,3.83194900
9.41337121,3.80712200
9.41403821,3.72743400
9.41470521,3.72743400
9.41537221,3.72743400
9.41603921,3.82649200
9.41670621,3.85392300
9.41737321,3.87480700
9.41804021,3.92707000
9.41870721,3.82454300
9.41937421,3.89864300
9.42004121,4.05135900
9.42070821,4.02646800
9.42137521,4.07668400
9.42204221,3.99907700
9.42270921,3.71908400
9.42337621,3.61869100
9.42404321,3.59277800
9.42471021,3.62016900
9.42537721,3.71908400
9.42604421,3.74646400
9.42671121,3.72250000
9.42737821,3.72401800
9.42804521,3.64968400
9.42871221,3.72743400
9.42937921,3.77428100
9.43004621,3.72401800
9.43071321,3.77274200
9.43138021,3.69660200
9.43204721,3.77620400
9.43271421,3.82805200
9.43338121,3.90580200
9.43404821,3.92707000
9.43471521,3.87480700
9.43538221,3.95087400
9.43604921,4.02852200
9.43671621,4.17924800
9.43738321,4.30713800
9.43805021,4.30889500
9.43871721,4.21051400
9.43938421,4.15565300
9.44005121,4.08417000
9.44071821,3.97735800
9.44138521,3.95449900
9.44205221,3.87678100
9.44271921,3.85196000
9.44338621,3.90222300
9.44405321,4.00111700
9.44472021,4.03016500
9.44538721,3.98355200
9.44605421,4.00846000
9.44672121,3.90938100
9.44738821,4.01009100
9.44805521,4.08624900
9.44872221,4.21222900
9.44938921,4.31284700
9.45005621,4.28540600
9.45072321,4.51865600
9.45139021,4.51865600
9.45205721,4.53967400
9.45272421,4.58996200
9.45339121,4.56477800
9.45405821,4.66530400
9.45472521,4.66768100
9.45539221,4.68815000
9.45605921,4.66768100
9.45672621,4.54152400
9.45739321,4.56439200
9.45806021,4.66958300
9.45872721,4.76825800
9.45939421,4.76825800
9.46006121,4.77020100
9.46072821,4.87081900
9.46139521,4.77262900
9.46206221,4.87329800
9.46272921,4.89626500
9.46339621,4.72229500
9.46406321,4.72229500
9.46473021,4.72229500
9.46539721,4.90274900
9.46606421,5.12954700
9.46673121,5.25767100
9.46739821,5.45900900
9.46806521,5.53679900
9.46873221,5.58713300
9.46939921,5.53398200
9.47006621,5.60944700
9.47073321,5.60658900
9.47140021,5.60658900
9.47206721,5.70711500
9.47273421,5.63230500
9.47340121,5.73288200
9.47406821,5.65685300
9.47473521,5.68259300
9.47540221,5.68259300
9.47606921,5.63230500
9.47673621,5.68490900
9.47740321,5.76031200
9.47807021,5.83803000
9.47873721,5.84338200
9.47940421,5.81592800
9.48007121,5.87083800
9.48073821,5.81754200
9.48140521,5.83505700
9.48207221,5.99041500
9.48273921,5.91574900
9.48340621,5.96846800
9.48407321,6.09963100
9.48474021,6.16719100
9.48540721,6.41993300
9.48607421,6.56804300
9.48674121,6.69593200
9.48740821,6.77634200
9.48807521,6.69866300
9.48874221,6.60150000
9.48940921,6.52378100
9.49007621,6.47349300
9.49074321,6.52378100
9.49141021,6.57072200
9.49207721,6.55121100
9.49274421,6.60150000
9.49341121,6.62705800
9.49407821,6.78601100
9.49474521,6.80542600
9.49541221,6.91413500
9.49607921,6.91413500
9.49674621,6.85573500
9.49741321,6.93066100
9.49808021,7.00837900
9.49874721,7.03580900
9.49941421,7.26439200
9.50008121,7.36497000
9.50074821,7.34211200
9.50141521,7.87242600
9.50208221,7.69726600
9.50274921,7.85676400
9.50341621,8.10843700
9.50408321,7.75609500
9.50475021,7.90307500
9.50541721,7.80245700
9.50608421,7.46858900
9.50675121,7.47239100
9.50741821,7.55018100
9.50808521,7.60051500
9.50875221,7.67830500
9.50941921,7.81815400
9.51008621,7.79530600
9.51075321,7.71762800
9.51142021,7.84237100
9.51208721,7.67127200
9.51275421,7.59664700
9.51342121,7.69726600
9.51408821,7.55018100
9.51475521,7.75214800
9.51542221,7.79927800
9.51608921,7.79927800
9.51675621,7.99635800
9.51742321,7.99635800
9.51809021,8.07815100
9.51875721,8.12430000
9.51942421,8.15919300
9.52009121,8.16334700
9.52075821,8.25981000
9.52142521,8.39213900
9.52209221,8.48070900
9.52275921,8.52749400
9.52342621,8.45329300
9.52409321,8.38445300
9.52476021,8.31012000
9.52542721,8.08144300
9.52609421,8.30673500
9.52676121,8.30673500
9.52742821,8.36042900
9.52809521,8.49280900
9.52876221,8.28689600
9.52942921,8.30673500
9.53009621,8.32992100
9.53076321,8.32992100
9.53143021,8.46217200
9.53209721,8.53531900
9.53276421,8.53531900
9.53343121,8.71361400
9.53409821,8.58123500
9.53476521,8.56274800
9.53543221,8.58560800
9.53609921,8.55838700
9.53676621,8.81419100
9.53743321,8.81419100
9.53810021,8.84522300
9.53876721,8.79939300
9.53943421,8.66685600
9.54010121,8.64398800
9.54076821,8.71361400
9.54143521,8.75586800
9.54210221,8.78327400
9.54276921,8.80162100
9.54343621,8.65538300
9.54410321,8.56274800
9.54477021,8.51592900
9.54543721,8.54314400
9.54610421,8.62093400
9.54677121,8.74460600
9.54743821,8.76747300
9.54810521,8.82235600
9.54877221,8.94219800
9.54943921,8.91933900
9.55010621,8.89191000
9.55077321,8.96505900
9.55144021,8.83711800
9.55210721,8.79133300
9.55277421,8.83711800
9.55344121,8.83711800
9.55410821,8.91479700
9.55477521,8.96962700
9.55544221,8.89553300
9.55610921,8.92297500
9.55677621,8.84522300
9.55744321,8.78685600
9.55811021,8.91116200
9.55877721,8.75943900
9.55944421,8.78685600
9.56011121,8.83711800
9.56077821,8.76390200
9.56144521,8.73659200
9.56211221,8.56274800
9.56277921,8.53531900
9.56344621,8.50355500
9.56411321,8.40731200
9.56478021,8.53531900
9.56544721,8.45760100
9.56611421,8.50465700
9.56678121,8.42271300
9.56744821,8.39189700
9.56811521,8.59724400
9.56878221,8.50465700
9.56944921,8.60865000
9.57011621,8.73659200
9.57078321,8.53531900
9.57145021,8.43474200
9.57211721,8.45786200
9.57278421,8.15171600
9.57345121,8.09815000
9.57411821,8.02377400
9.57478521,7.94609500
9.57545221,8.00043300
9.57611921,7.97351100
9.57678621,7.99309900
9.57745321,8.04662000
9.57812021,7.97351100
9.57878721,7.82532500
9.57945421,7.87563400
9.58012121,7.77184900
9.58078821,7.77184900
9.58145521,7.92001900
9.58212221,7.92001900
9.58278921,7.89261300
9.58345621,7.94285600
9.58412321,7.89985600
9.58479021,7.89583300
9.58545721,7.84556900
9.58612421,7.81098300
9.58679121,7.80381200
9.58745821,7.80381200
9.58812521,7.85398100
9.58879221,7.78100600
9.58945921,7.71054900
9.59012621,7.61399700
9.59079321,7.46174400
9.59146021,7.41148200
9.59212721,7.31095600
9.59279421,7.21410400
9.59346121,7.23696300
9.59412821,7.13929400
9.59479521,7.08898500
9.59546221,6.91061700
9.59612921,6.77979600
9.59679621,6.80999900
9.59746321,6.75511600
9.59813021,6.96092600
9.59879721,6.96092600
9.59946421,6.95454600
9.60013121,6.97454900
9.60079821,6.90146900
9.60146521,6.97454900
9.60213221,6.85751400
9.60279921,6.70207600
9.60346621,6.57529100
9.60413321,6.49761200
9.60480021,6.54787500
9.60546721,6.62555300
9.60613421,6.62555300
9.60680121,6.46755800
9.60746821,6.31683100
9.60813521,6.21634700
9.60880221,5.93773000
9.60946921,5.78774100
9.61013621,5.81221000
9.61080321,5.81517200
9.61147021,5.96603700
9.61213721,5.98584600
9.61280421,5.81060000
9.61347121,5.65973500
9.61413821,5.56142300
9.61480521,5.56142300
9.61547221,5.68490900
9.61613921,5.65973500
9.61680621,5.60658900
9.61747321,5.57917300
9.61814021,5.45357600
9.61880721,5.57689900
9.61947421,5.55123000
9.62014121,5.62197700
9.62080821,5.64935800
9.62147521,5.47138900
9.62214221,5.49876800
9.62280921,5.34852500
9.62347621,5.21797400
9.62414321,5.21797400
9.62481021,5.19991700
9.62547721,5.12015000
9.62614421,5.17513700
9.62681121,5.09741900
9.62747821,5.14508500
9.62814521,5.12223800
9.62881221,4.89177600
9.62947921,4.86437100
9.63014621,4.66530400
9.63081321,4.50994600
9.63148021,4.63788800
9.63214721,4.56020900
9.63281421,4.53551200
9.63348121,4.63363400
9.63414821,4.61316000
9.63481521,4.69080700
9.63548221,4.66340200
9.63614921,4.68623900
9.63681621,4.71124100
9.63748321,4.76145800
9.63815021,4.80971100
9.63881721,4.74104900
9.63948421,4.69080700
9.64015121,4.40942000
9.64081821,4.39059700
9.64148521,4.03386100
9.64215221,3.85745600
9.64281921,3.88033500
9.64348621,3.55087300
9.64415321,3.87836100
9.64482021,3.85549400
9.64548721,3.80518400
9.64615421,4.03386100
9.64682121,3.98100400
9.64748821,4.05672900
9.64815521,4.13279500
9.64882221,4.02764600
9.64948921,4.00274800
9.65015621,4.20836900
9.65082321,4.20836900
9.65149021,4.33454300
9.65215721,4.38255000
9.65282421,4.12690100
9.65349121,4.17711800
9.65415821,4.09951100
9.65482521,4.12690100
9.65549221,4.12690100
9.65615921,4.05135900
9.65682621,3.99907700
9.65749321,3.74686500
9.65816021,3.59607600
9.65882721,3.54436800
9.65949421,3.46813500
9.66016121,3.69509500
9.66082821,3.77274200
9.66149521,3.67375500
9.66216221,3.77428100
9.66282921,3.67712500
9.66349621,3.67899700
9.66416321,3.72743400
9.66483021,3.62533900
9.66549721,3.59607600
9.66616421,3.62201500
9.66683121,3.69321100
9.66749821,3.77274200
9.66816521,3.74342800
9.66883221,3.69321100
9.66949921,3.69509500
9.67016621,3.82298400
9.67083321,3.97990200
9.67150021,4.05301100
9.67216721,4.05135900
9.67283421,3.92347000
9.67350121,3.82103600
9.67416821,4.02852200
9.67483521,3.97533200
9.67550221,3.90421100
9.67616921,4.00642000
9.67683621,3.82649200
9.67750321,3.87836100
9.67817021,3.87836100
9.67883721,3.77774300
9.67950421,3.70187600
9.68017121,3.62866300
9.68083821,3.75221100
9.68150521,3.72743400
9.68217221,3.90421100
9.68283921,4.08250700
9.68350621,4.16022500
9.68417321,4.33852000
9.68484021,4.28366000
9.68550721,4.23337200
9.68617421,4.23337200
9.68684121,4.25863200
9.68750821,4.30889500
9.68817521,4.35738000
9.68884221,4.27580500
9.68950922,4.17711800
9.69017622,4.17711800
9.69084322,4.09783700
9.69151022,4.20450900
9.69217722,4.33454300
9.69284422,4.10784300
9.69351122,4.16192000
9.69417822,4.16403900
9.69484522,4.05879400
9.69551222,4.20765600
9.69617922,4.23509700
9.69684622,4.28540600
9.69751322,4.39059700
9.69818022,4.56896500
9.69884722,4.64671600
9.69951422,4.61739300
9.70018122,4.63788800
9.70084822,4.74540000
9.70151522,4.79324500
9.70218222,4.97145000
9.70284922,5.04713000
9.70351622,5.02171300
9.70418322,4.99429700
9.70485022,4.97145000
9.70551722,4.94201900
9.70618422,4.89177600
9.70685122,4.98971600
9.70751822,4.88928300
9.70818522,4.89177600
9.70885222,4.96942300
9.70951922,4.89377100
9.71018622,4.97145000
9.71085322,4.68815000
9.71152022,4.58762500
9.71218722,4.64214200
9.71285422,4.77020100
9.71352122,5.12954700
9.71418822,5.36106700
9.71485522,5.48367300
9.71552222,5.56142300
9.71618922,5.68259300
9.71685622,5.65685300
9.71752322,5.78479300
9.71819022,5.85790300
9.71885722,5.96299800
9.71952422,6.11378700
9.72019122,6.06352400
9.72085822,6.06105200
9.72152522,6.06105200
9.72219222,6.11378700
9.72285922,6.23918400
9.72352622,6.24172900
9.72419322,6.10817900
9.72486022,6.06105200
9.72552722,6.04375500
9.72619422,6.04067700
9.72686122,6.24491000
9.72752822,6.24491000
9.72819522,6.29519700
9.72886222,6.32520400
9.72952922,6.32842400
9.73019622,6.27351400
9.73086322,6.24745500
9.73153022,6.37551300
9.73219722,6.39838100
9.73286422,6.64840100
9.73353122,6.69866300
9.73419822,6.72607900
9.73486522,6.85122700
9.73553222,6.95171200
9.73619922,7.05507200
9.73686622,7.23327700
9.73753322,7.18301400
9.73820022,7.08248900
9.73886722,7.15268100
9.73953422,7.05507200
9.74020122,7.18301400
9.74086822,7.13638600
9.74153522,7.16216200
9.74220222,7.26735300
9.74286922,7.23991200
9.74353622,7.46858900
9.74420322,7.51889800
9.74487022,7.54633900
9.74553722,7.55018100
9.74620422,7.49603000
9.74687122,7.41525800
9.74753822,7.44268800
9.74820522,7.43889800
9.74887222,7.52040700
9.74953922,7.98082400
9.75020622,7.95014400
9.75087322,8.13175200
9.75154022,8.15462000
9.75220722,7.95014400
9.75287422,8.12844000
9.75354122,8.17456200
9.75420822,8.24887800
9.75487522,8.22482500
9.75554222,8.10431100
9.75620922,8.23236900
9.75687622,8.30673500
9.75754322,8.35276700
9.75821022,8.27171500
9.75887722,8.27171500
9.75954422,8.25224100
9.76021122,8.27508800
9.76087822,8.53097200
9.76154522,8.35702300
9.76221222,8.33416500
9.76287922,8.15586900
9.76354622,8.07403700
9.76421322,8.20615900
9.76488022,8.20950200
9.76554722,8.43817900
9.76621422,8.57059900
9.76688122,8.61303700
9.76754822,8.61303700
9.76821522,8.60865000
9.76888222,8.53097200
9.76954922,8.46217200
9.77021622,8.51246100
9.77088322,8.51592900
9.77155022,8.66332500
9.77221722,8.70917600
9.77288422,8.80162100
9.77355122,8.82901200
9.77421822,8.65538300
9.77488522,8.68633000
9.77555222,8.56274800
9.77621922,8.61654700
9.77688622,8.63941500
9.77755322,8.69075600
9.77822022,8.69429700
9.77888722,8.51592900
9.77955422,8.58910700
9.78022122,8.54314400
9.78088822,8.59347900
9.78155522,8.67126800
9.78222222,8.58910700
9.78288922,8.74104400
9.78355622,8.84162000
9.78422322,8.96140500
9.78489022,9.13953600
9.78555722,9.08843200
9.78622422,9.06189000
9.78689122,9.06558500
9.78755822,9.14326400
9.78822522,9.01164700
9.78889222,9.01532200
9.78955922,9.01532200
9.79022622,8.86447900
9.79089322,8.97328300
9.79156022,8.81778200
9.79222722,8.69429700
9.79289422,8.84972700
9.79356122,8.74460600
9.79422822,8.87266500
9.79489522,8.90006200
9.79556222,8.74460600
9.79622922,8.82227100
9.79689622,8.67126800
9.79756322,8.67479800
9.79823022,8.72160300
9.79889722,8.79491500
9.79956422,9.02359200
9.80023122,9.07020500
9.80089822,8.99705800
9.80156522,9.01991600
9.80223222,8.96505900
9.80289922,9.06558500
9.80356622,9.11584900
9.80423322,8.98790600
9.80490022,8.96505900
9.80556722,8.88738100
9.80623422,8.81419100
9.80690122,8.84162000
9.80756822,8.96962700
9.80823522,9.17078200
9.80890222,9.01991600
9.80956922,8.92297500
9.81023622,8.44247400
9.81090322,8.15919300
9.81157022,8.18206000
9.81223722,8.18206000
9.81290422,8.48503000
9.81357122,8.53097200
9.81423822,8.63149700
9.81490522,8.68618400
9.81557222,8.68972400
9.81623922,8.67126800
9.81690622,8.66332500
9.81757322,8.67836200
9.81824022,8.62814500
9.81890722,8.60075400
9.81957422,8.53097200
9.82024122,8.40731200
9.82090822,8.40303000
9.82157522,8.30250500
9.82224222,8.25224100
9.82290922,8.34936200
9.82357622,8.27171500
9.82424322,8.24887800
9.82491022,8.26749800
9.82557722,8.09358300
9.82624422,8.07403700
9.82691122,8.02786300
9.82757822,7.95338400
9.82824522,7.90307500
9.82891222,7.87563400
9.82957922,7.84956700
9.83024622,7.76789100
9.83091322,7.79073700
9.83158022,7.81496700
9.83224722,7.81815400
9.83291422,7.84556900
9.83358122,7.89583300
9.83424822,7.86841600
9.83491522,7.86520900
9.83558222,7.79212900
9.83624922,7.71448200
9.83691622,7.66033200
9.83758322,7.57963000
9.83825022,7.54987300
9.83891722,7.47236900
9.83958422,7.42525100
9.84025122,7.35146600
9.84091822,7.35821800
9.84158522,7.25773300
9.84225222,7.15724800
9.84291922,7.05507200
9.84358622,6.98094900
9.84425322,6.98379400
9.84492022,6.80889000
9.84558722,6.73224900
9.84625422,6.60419000
9.84692122,6.44278000
9.84758822,6.59813700
9.84825522,6.72607900
9.84892222,6.92713100
9.84958922,6.96092600
9.85025622,6.77979600
9.85092322,6.54787500
9.85159022,6.36382800
9.85225722,6.33643700
9.85292422,6.41404400
9.85359122,6.44734900
9.85425822,6.39577500
9.85492522,6.41993300
9.85559222,6.26658900
9.85625922,6.18578700
9.85692622,6.13870000
9.85759322,5.93316300
9.85826022,5.98584600
9.85892722,5.86247300
9.85959422,5.60658900
9.86026122,5.60944700
9.86092822,5.45400900
9.86159522,5.35561400
9.86226222,5.43115100
9.86292922,5.40096900
9.86359622,5.30314400
9.86426322,5.42838500
9.86493022,5.47641400
9.86559722,5.32785900
9.86626422,5.34852500
9.86693122,5.37592900
9.86759822,5.34852500
9.86826522,5.39876700
9.86893222,5.42838500
9.86959922,5.34852500
9.87026622,5.27571300
9.87093322,5.27302600
9.87160022,5.19779700
9.87226722,5.14965400
9.87293422,5.11754000
9.87360122,5.01710700
9.87426822,4.94201900
9.87493522,4.79568800
9.87560222,4.69245100
9.87626922,4.66958300
9.87693622,4.59183300
9.87760322,4.61504100
9.87827022,4.53736200
9.87893722,4.56477800
9.87960422,4.61504100
9.88027122,4.51224400
9.88093822,4.46195600
9.88160522,4.38602400
9.88227222,4.36137900
9.88293922,4.48709900
9.88360622,4.66530400
9.88427322,4.40537500
9.88494022,4.35338200
9.88560722,4.33056500
9.88627422,4.17541400
9.88694122,4.38076200
9.88760822,4.38255000
9.88827522,4.33233300
9.88894222,4.27755100
9.88960922,4.25689600
9.89027622,4.20208600
9.89094322,4.05301100
9.89161022,4.20594200
9.89227722,3.95611100
9.89294422,3.98720300
9.89361122,4.29391100
9.89427822,4.11537900
9.89494522,4.18862300
9.89561222,4.13447900
9.89627922,3.87836100
9.89694622,3.92707000
9.89761322,4.00478800
9.89828022,4.05507700
9.89894722,4.10327400
9.89961422,4.05301100
9.90028122,4.13069000
9.90094822,4.08042700
9.90161522,3.95248500
9.90228222,4.03221800
9.90294922,4.08042700
9.90361622,4.00111700
9.90428322,3.99907700
9.90495022,3.94724900
9.90561722,3.91986900
9.90628422,3.97168600
9.90695122,4.04929400
9.90761822,3.94886000
9.90828522,3.77081900
9.90895222,3.69321100
9.90961922,3.59607600
9.91028622,3.62349200
9.91095322,3.72401800
9.91162022,3.59790900
9.91228722,3.64819700
9.91295422,3.54906600
9.91362122,3.52162500
9.91428822,3.54762000
9.91495522,3.72401800
9.91562222,3.87322700
9.91628922,3.87322700
9.91695622,3.97533200
9.91762322,3.85392300
9.91829022,3.72401800
9.91895722,3.77428100
9.91962422,3.80014700
9.92029122,3.72250000
9.92095822,3.90222300
9.92162522,3.79906300
9.92229222,3.85392300
9.92295922,3.97533200
9.92362622,3.95248500
9.92429322,3.82454300
9.92496022,3.82649200
9.92562722,3.67899700
9.92629422,3.65302800
9.92696122,3.88033500
9.92762822,3.88033500
9.92829522,3.80518400
9.92896222,3.62533900
9.92962922,3.67562700
9.93029622,3.67375500
9.93096322,3.87678100
9.93163022,4.08250700
9.93229722,4.08250700
9.93296422,4.10536500
9.93363122,4.12900600
9.93429822,4.18095300
9.93496522,4.20836900
9.93563222,4.28147800
9.93629922,4.28147800
9.93696622,4.30713800
9.93763322,4.33174100
9.93830022,4.23121500
9.93896722,4.23337200
9.93963422,4.26253800
9.94030122,4.36315600
9.94096822,4.44090700
9.94163522,4.46377400
9.94230222,4.46604600
9.94296922,4.46604600
9.94363622,4.54799700
9.94430322,4.59650900
9.94497022,4.51638100
9.94563722,4.36315600
9.94630422,4.33174100
9.94697122,4.36137900
9.94763822,4.46195600
9.94830522,4.64450600
9.94897222,4.64450600
9.94963922,4.69245100
9.95030622,4.76825800
9.95097322,4.94403400
9.95164022,5.02171300
9.95230722,5.12484800
9.95297422,5.15227800
9.95364122,5.09731300
9.95430822,5.25285500
9.95497522,5.25018000
9.95564222,5.38086200
9.95630922,5.28512700
9.95697622,5.25499600
9.95764322,5.20468700
9.95831022,5.07456100
9.95897722,5.15227800
9.95964422,5.22276400
9.96031122,5.25499600
9.96097822,5.38579600
9.96164522,5.33274700
9.96231222,5.30800600
9.96297922,5.48144000
9.96364622,5.53172800
9.96431322,5.65973500
9.96498022,5.78774100
9.96564722,5.73521800
9.96631422,5.79010000
9.96698122,5.79010000
9.96764822,5.73745300
9.96831522,5.78774100
9.96898222,5.86546000
9.96964922,6.04375500
9.97031622,6.16970300
9.97098322,6.26914500
9.97165022,6.21431300
9.97231722,6.31940700
9.97298422,6.29199100
9.97365122,6.27489500
9.97431822,6.32262800
9.97498522,6.22205100
9.97565222,6.29199100
9.97631922,6.34225400
9.97698622,6.29199100
9.97765322,6.29519700
9.97832022,6.27032200
9.97898722,6.24491000
9.97965422,6.32262800
9.98032122,6.42320400
9.98098822,6.47019600
9.98165522,6.65178800
9.98232222,6.75236500
9.98298922,6.70207600
9.98365622,6.80999900
9.98432322,6.75236500
9.98499022,6.80722500
9.98565722,6.95171200
9.98632422,6.89795100
9.98699122,6.92430700
9.98765822,7.10243900
9.98832522,7.11185300
9.98899222,7.26735300
9.98965922,7.36797100
9.99032622,7.29022100
9.99099322,7.34211200
9.99166022,7.17038400
9.99232722,7.22071800
9.99299422,7.32436800
9.99366122,7.37472300
9.99432822,7.55018100
9.99499522,7.44572100
9.99566222,7.36797100
9.99632922,7.36797100
9.99699622,7.38782800
9.99766322,7.56612400
9.99833022,7.65085000
9.99899722,7.69726600
9.99966422,7.77897500
10.00033122,7.72864000
